0 0 1.22e-15 1.22e-15
1 0.00111 0.00698 0.00698
2 0.00222 0.014 0.014
3 0.00333 0.0209 0.0209
4 0.00444 0.0279 0.0279
5 0.00556 0.0349 0.0349
6 0.00667 0.0419 0.0419
7 0.00778 0.0488 0.0488
8 0.00889 0.0558 0.0558
9 0.01 0.0628 0.0628
10 0.0111 0.0697 0.0698
11 0.0122 0.0767 0.0767
12 0.0133 0.0837 0.0837
13 0.0144 0.0906 0.0906
14 0.0156 0.0976 0.0976
15 0.0167 0.105 0.105
16 0.0178 0.111 0.111
17 0.0189 0.118 0.118
18 0.02 0.125 0.125
19 0.0211 0.132 0.132
20 0.0222 0.139 0.139
21 0.0233 0.146 0.146
22 0.0244 0.153 0.153
23 0.0256 0.16 0.16
24 0.0267 0.167 0.167
25 0.0278 0.174 0.174
26 0.0289 0.181 0.181
27 0.03 0.187 0.187
28 0.0311 0.194 0.194
29 0.0322 0.201 0.201
30 0.0333 0.208 0.208
31 0.0344 0.215 0.215
32 0.0356 0.222 0.222
33 0.0367 0.228 0.228
34 0.0378 0.235 0.235
35 0.0389 0.242 0.242
36 0.04 0.249 0.249
37 0.0411 0.255 0.255
38 0.0422 0.262 0.262
39 0.0433 0.269 0.269
40 0.0444 0.276 0.276
41 0.0456 0.282 0.282
42 0.0467 0.289 0.289
43 0.0478 0.296 0.296
44 0.0489 0.302 0.302
45 0.05 0.309 0.309
46 0.0511 0.316 0.316
47 0.0522 0.322 0.322
48 0.0533 0.329 0.329
49 0.0544 0.335 0.335
50 0.0556 0.342 0.342
51 0.0567 0.349 0.349
52 0.0578 0.355 0.355
53 0.0589 0.362 0.362
54 0.06 0.368 0.368
55 0.0611 0.375 0.375
56 0.0622 0.381 0.381
57 0.0633 0.388 0.388
58 0.0644 0.394 0.394
59 0.0656 0.4 0.4
60 0.0667 0.407 0.407
61 0.0678 0.413 0.413
62 0.0689 0.419 0.419
63 0.07 0.426 0.426
64 0.0711 0.432 0.432
65 0.0722 0.438 0.438
66 0.0733 0.445 0.445
67 0.0744 0.451 0.451
68 0.0756 0.457 0.457
69 0.0767 0.463 0.463
70 0.0778 0.469 0.469
71 0.0789 0.476 0.476
72 0.08 0.482 0.482
73 0.0811 0.488 0.488
74 0.0822 0.494 0.494
75 0.0833 0.5 0.5
76 0.0844 0.506 0.506
77 0.0856 0.512 0.512
78 0.0867 0.518 0.518
79 0.0878 0.524 0.524
80 0.0889 0.53 0.53
81 0.09 0.536 0.536
82 0.0911 0.542 0.542
83 0.0922 0.548 0.548
84 0.0933 0.553 0.553
85 0.0944 0.559 0.559
86 0.0956 0.565 0.565
87 0.0967 0.571 0.571
88 0.0978 0.576 0.576
89 0.0989 0.582 0.582
90 0.1 0.588 0.588
91 0.101 0.593 0.593
92 0.102 0.599 0.599
93 0.103 0.605 0.605
94 0.104 0.61 0.61
95 0.106 0.616 0.616
96 0.107 0.621 0.621
97 0.108 0.627 0.627
98 0.109 0.632 0.632
99 0.11 0.637 0.637
100 0.111 0.643 0.643
101 0.112 0.648 0.648
102 0.113 0.653 0.653
103 0.114 0.659 0.659
104 0.116 0.664 0.664
105 0.117 0.669 0.669
106 0.118 0.674 0.674
107 0.119 0.679 0.679
108 0.12 0.685 0.685
109 0.121 0.69 0.69
110 0.122 0.695 0.695
111 0.123 0.7 0.7
112 0.124 0.705 0.705
113 0.126 0.71 0.71
114 0.127 0.714 0.714
115 0.128 0.719 0.719
116 0.129 0.724 0.724
117 0.13 0.729 0.729
118 0.131 0.734 0.734
119 0.132 0.738 0.738
120 0.133 0.743 0.743
121 0.134 0.748 0.748
122 0.136 0.752 0.752
123 0.137 0.757 0.757
124 0.138 0.762 0.762
125 0.139 0.766 0.766
126 0.14 0.77 0.771
127 0.141 0.775 0.775
128 0.142 0.779 0.779
129 0.143 0.784 0.784
130 0.144 0.788 0.788
131 0.146 0.792 0.792
132 0.147 0.797 0.797
133 0.148 0.801 0.801
134 0.149 0.805 0.805
135 0.15 0.809 0.809
136 0.151 0.813 0.813
137 0.152 0.817 0.817
138 0.153 0.821 0.821
139 0.154 0.825 0.825
140 0.156 0.829 0.829
141 0.157 0.833 0.833
142 0.158 0.837 0.837
143 0.159 0.841 0.841
144 0.16 0.844 0.844
145 0.161 0.848 0.848
146 0.162 0.852 0.852
147 0.163 0.855 0.855
148 0.164 0.859 0.859
149 0.166 0.862 0.863
150 0.167 0.866 0.866
151 0.168 0.869 0.869
152 0.169 0.873 0.873
153 0.17 0.876 0.876
154 0.171 0.88 0.88
155 0.172 0.883 0.883
156 0.173 0.886 0.886
157 0.174 0.889 0.889
158 0.176 0.893 0.893
159 0.177 0.896 0.896
160 0.178 0.899 0.899
161 0.179 0.902 0.902
162 0.18 0.905 0.905
163 0.181 0.908 0.908
164 0.182 0.911 0.911
165 0.183 0.914 0.914
166 0.184 0.916 0.916
167 0.186 0.919 0.919
168 0.187 0.922 0.922
169 0.188 0.925 0.925
170 0.189 0.927 0.927
171 0.19 0.93 0.93
172 0.191 0.932 0.932
173 0.192 0.935 0.935
174 0.193 0.937 0.937
175 0.194 0.94 0.94
176 0.196 0.942 0.942
177 0.197 0.944 0.944
178 0.198 0.947 0.947
179 0.199 0.949 0.949
180 0.2 0.951 0.951
181 0.201 0.953 0.953
182 0.202 0.955 0.955
183 0.203 0.957 0.957
184 0.204 0.959 0.959
185 0.206 0.961 0.961
186 0.207 0.963 0.963
187 0.208 0.965 0.965
188 0.209 0.967 0.967
189 0.21 0.969 0.969
190 0.211 0.97 0.97
191 0.212 0.972 0.972
192 0.213 0.974 0.974
193 0.214 0.975 0.975
194 0.216 0.977 0.977
195 0.217 0.978 0.978
196 0.218 0.98 0.98
197 0.219 0.981 0.981
198 0.22 0.982 0.982
199 0.221 0.984 0.984
200 0.222 0.985 0.985
201 0.223 0.986 0.986
202 0.224 0.987 0.987
203 0.226 0.988 0.988
204 0.227 0.989 0.989
205 0.228 0.99 0.99
206 0.229 0.991 0.991
207 0.23 0.992 0.992
208 0.231 0.993 0.993
209 0.232 0.994 0.994
210 0.233 0.995 0.995
211 0.234 0.995 0.995
212 0.236 0.996 0.996
213 0.237 0.996 0.996
214 0.238 0.997 0.997
215 0.239 0.998 0.998
216 0.24 0.998 0.998
217 0.241 0.998 0.998
218 0.242 0.999 0.999
219 0.243 0.999 0.999
220 0.244 0.999 0.999
221 0.246 1 1
222 0.247 1 1
223 0.248 1 1
224 0.249 1 1
225 0.25 1 1
226 0.251 1 1
227 0.252 1 1
228 0.253 1 1
229 0.254 1 1
230 0.256 0.999 0.999
231 0.257 0.999 0.999
232 0.258 0.999 0.999
233 0.259 0.998 0.998
234 0.26 0.998 0.998
235 0.261 0.998 0.998
236 0.262 0.997 0.997
237 0.263 0.996 0.996
238 0.264 0.996 0.996
239 0.266 0.995 0.995
240 0.267 0.995 0.995
241 0.268 0.994 0.994
242 0.269 0.993 0.993
243 0.27 0.992 0.992
244 0.271 0.991 0.991
245 0.272 0.99 0.99
246 0.273 0.989 0.989
247 0.274 0.988 0.988
248 0.276 0.987 0.987
249 0.277 0.986 0.986
250 0.278 0.985 0.985
251 0.279 0.984 0.984
252 0.28 0.982 0.982
253 0.281 0.981 0.981
254 0.282 0.98 0.98
255 0.283 0.978 0.978
256 0.284 0.977 0.977
257 0.286 0.975 0.975
258 0.287 0.974 0.974
259 0.288 0.972 0.972
260 0.289 0.97 0.97
261 0.29 0.969 0.969
262 0.291 0.967 0.967
263 0.292 0.965 0.965
264 0.293 0.963 0.963
265 0.294 0.961 0.961
266 0.296 0.959 0.959
267 0.297 0.957 0.957
268 0.298 0.955 0.955
269 0.299 0.953 0.953
270 0.3 0.951 0.951
271 0.301 0.949 0.949
272 0.302 0.947 0.947
273 0.303 0.944 0.944
274 0.304 0.942 0.942
275 0.306 0.94 0.94
276 0.307 0.937 0.937
277 0.308 0.935 0.935
278 0.309 0.932 0.932
279 0.31 0.93 0.93
280 0.311 0.927 0.927
281 0.312 0.925 0.925
282 0.313 0.922 0.922
283 0.314 0.919 0.919
284 0.316 0.916 0.916
285 0.317 0.914 0.914
286 0.318 0.911 0.911
287 0.319 0.908 0.908
288 0.32 0.905 0.905
289 0.321 0.902 0.902
290 0.322 0.899 0.899
291 0.323 0.896 0.896
292 0.324 0.893 0.893
293 0.326 0.889 0.889
294 0.327 0.886 0.886
295 0.328 0.883 0.883
296 0.329 0.88 0.88
297 0.33 0.876 0.876
298 0.331 0.873 0.873
299 0.332 0.869 0.869
300 0.333 0.866 0.866
301 0.334 0.863 0.863
302 0.336 0.859 0.859
303 0.337 0.855 0.855
304 0.338 0.852 0.852
305 0.339 0.848 0.848
306 0.34 0.844 0.844
307 0.341 0.841 0.841
308 0.342 0.837 0.837
309 0.343 0.833 0.833
310 0.344 0.829 0.829
311 0.346 0.825 0.825
312 0.347 0.821 0.821
313 0.348 0.817 0.817
314 0.349 0.813 0.813
315 0.35 0.809 0.809
316 0.351 0.805 0.805
317 0.352 0.801 0.801
318 0.353 0.797 0.797
319 0.354 0.792 0.792
320 0.356 0.788 0.788
321 0.357 0.784 0.784
322 0.358 0.779 0.779
323 0.359 0.775 0.775
324 0.36 0.771 0.771
325 0.361 0.766 0.766
326 0.362 0.762 0.762
327 0.363 0.757 0.757
328 0.364 0.752 0.752
329 0.366 0.748 0.748
330 0.367 0.743 0.743
331 0.368 0.738 0.738
332 0.369 0.734 0.734
333 0.37 0.729 0.729
334 0.371 0.724 0.724
335 0.372 0.719 0.719
336 0.373 0.714 0.714
337 0.374 0.71 0.71
338 0.376 0.705 0.705
339 0.377 0.7 0.7
340 0.378 0.695 0.695
341 0.379 0.69 0.69
342 0.38 0.685 0.685
343 0.381 0.679 0.679
344 0.382 0.674 0.674
345 0.383 0.669 0.669
346 0.384 0.664 0.664
347 0.386 0.659 0.659
348 0.387 0.653 0.653
349 0.388 0.648 0.648
350 0.389 0.643 0.643
351 0.39 0.637 0.637
352 0.391 0.632 0.632
353 0.392 0.627 0.627
354 0.393 0.621 0.621
355 0.394 0.616 0.616
356 0.396 0.61 0.61
357 0.397 0.605 0.605
358 0.398 0.599 0.599
359 0.399 0.593 0.593
360 0.4 0.588 0.588
361 0.401 0.582 0.582
362 0.402 0.576 0.576
363 0.403 0.571 0.571
364 0.404 0.565 0.565
365 0.406 0.559 0.559
366 0.407 0.553 0.553
367 0.408 0.548 0.548
368 0.409 0.542 0.542
369 0.41 0.536 0.536
370 0.411 0.53 0.53
371 0.412 0.524 0.524
372 0.413 0.518 0.518
373 0.414 0.512 0.512
374 0.416 0.506 0.506
375 0.417 0.5 0.5
376 0.418 0.494 0.494
377 0.419 0.488 0.488
378 0.42 0.482 0.482
379 0.421 0.476 0.476
380 0.422 0.469 0.469
381 0.423 0.463 0.463
382 0.424 0.457 0.457
383 0.426 0.451 0.451
384 0.427 0.445 0.445
385 0.428 0.438 0.438
386 0.429 0.432 0.432
387 0.43 0.426 0.426
388 0.431 0.419 0.419
389 0.432 0.413 0.413
390 0.433 0.407 0.407
391 0.434 0.4 0.4
392 0.436 0.394 0.394
393 0.437 0.388 0.388
394 0.438 0.381 0.381
395 0.439 0.375 0.375
396 0.44 0.368 0.368
397 0.441 0.362 0.362
398 0.442 0.355 0.355
399 0.443 0.349 0.349
400 0.444 0.342 0.342
401 0.446 0.335 0.335
402 0.447 0.329 0.329
403 0.448 0.322 0.322
404 0.449 0.316 0.316
405 0.45 0.309 0.309
406 0.451 0.302 0.302
407 0.452 0.296 0.296
408 0.453 0.289 0.289
409 0.454 0.282 0.282
410 0.456 0.276 0.276
411 0.457 0.269 0.269
412 0.458 0.262 0.262
413 0.459 0.255 0.255
414 0.46 0.249 0.249
415 0.461 0.242 0.242
416 0.462 0.235 0.235
417 0.463 0.228 0.228
418 0.464 0.222 0.222
419 0.466 0.215 0.215
420 0.467 0.208 0.208
421 0.468 0.201 0.201
422 0.469 0.194 0.194
423 0.47 0.187 0.187
424 0.471 0.181 0.181
425 0.472 0.174 0.174
426 0.473 0.167 0.167
427 0.474 0.16 0.16
428 0.476 0.153 0.153
429 0.477 0.146 0.146
430 0.478 0.139 0.139
431 0.479 0.132 0.132
432 0.48 0.125 0.125
433 0.481 0.118 0.118
434 0.482 0.111 0.111
435 0.483 0.105 0.105
436 0.484 0.0976 0.0976
437 0.486 0.0906 0.0906
438 0.487 0.0837 0.0837
439 0.488 0.0767 0.0767
440 0.489 0.0698 0.0698
441 0.49 0.0628 0.0628
442 0.491 0.0558 0.0558
443 0.492 0.0489 0.0488
444 0.493 0.0419 0.0419
445 0.494 0.0349 0.0349
446 0.496 0.0279 0.0279
447 0.497 0.021 0.0209
448 0.498 0.014 0.014
449 0.499 0.007 0.00698
450 0.5 1.47e-05 -1.1e-15
451 0.501 -0.00697 -0.00698
452 0.502 -0.0139 -0.014
453 0.503 -0.0209 -0.0209
454 0.504 -0.0279 -0.0279
455 0.506 -0.0349 -0.0349
456 0.507 -0.0419 -0.0419
457 0.508 -0.0488 -0.0488
458 0.509 -0.0558 -0.0558
459 0.51 -0.0628 -0.0628
460 0.511 -0.0697 -0.0698
461 0.512 -0.0767 -0.0767
462 0.513 -0.0837 -0.0837
463 0.514 -0.0906 -0.0906
464 0.516 -0.0976 -0.0976
465 0.517 -0.105 -0.105
466 0.518 -0.111 -0.111
467 0.519 -0.118 -0.118
468 0.52 -0.125 -0.125
469 0.521 -0.132 -0.132
470 0.522 -0.139 -0.139
471 0.523 -0.146 -0.146
472 0.524 -0.153 -0.153
473 0.526 -0.16 -0.16
474 0.527 -0.167 -0.167
475 0.528 -0.174 -0.174
476 0.529 -0.181 -0.181
477 0.53 -0.187 -0.187
478 0.531 -0.194 -0.194
479 0.532 -0.201 -0.201
480 0.533 -0.208 -0.208
481 0.534 -0.215 -0.215
482 0.536 -0.222 -0.222
483 0.537 -0.228 -0.228
484 0.538 -0.235 -0.235
485 0.539 -0.242 -0.242
486 0.54 -0.249 -0.249
487 0.541 -0.255 -0.255
488 0.542 -0.262 -0.262
489 0.543 -0.269 -0.269
490 0.544 -0.276 -0.276
491 0.546 -0.282 -0.282
492 0.547 -0.289 -0.289
493 0.548 -0.296 -0.296
494 0.549 -0.302 -0.302
495 0.55 -0.309 -0.309
496 0.551 -0.316 -0.316
497 0.552 -0.322 -0.322
498 0.553 -0.329 -0.329
499 0.554 -0.335 -0.335
500 0.556 -0.342 -0.342
501 0.557 -0.349 -0.349
502 0.558 -0.355 -0.355
503 0.559 -0.362 -0.362
504 0.56 -0.368 -0.368
505 0.561 -0.375 -0.375
506 0.562 -0.381 -0.381
507 0.563 -0.388 -0.388
508 0.564 -0.394 -0.394
509 0.566 -0.4 -0.4
510 0.567 -0.407 -0.407
511 0.568 -0.413 -0.413
512 0.569 -0.419 -0.419
513 0.57 -0.426 -0.426
514 0.571 -0.432 -0.432
515 0.572 -0.438 -0.438
516 0.573 -0.445 -0.445
517 0.574 -0.451 -0.451
518 0.576 -0.457 -0.457
519 0.577 -0.463 -0.463
520 0.578 -0.469 -0.469
521 0.579 -0.476 -0.476
522 0.58 -0.482 -0.482
523 0.581 -0.488 -0.488
524 0.582 -0.494 -0.494
525 0.583 -0.5 -0.5
526 0.584 -0.506 -0.506
527 0.586 -0.512 -0.512
528 0.587 -0.518 -0.518
529 0.588 -0.524 -0.524
530 0.589 -0.53 -0.53
531 0.59 -0.536 -0.536
532 0.591 -0.542 -0.542
533 0.592 -0.548 -0.548
534 0.593 -0.553 -0.553
535 0.594 -0.559 -0.559
536 0.596 -0.565 -0.565
537 0.597 -0.571 -0.571
538 0.598 -0.576 -0.576
539 0.599 -0.582 -0.582
540 0.6 -0.588 -0.588
541 0.601 -0.593 -0.593
542 0.602 -0.599 -0.599
543 0.603 -0.605 -0.605
544 0.604 -0.61 -0.61
545 0.606 -0.616 -0.616
546 0.607 -0.621 -0.621
547 0.608 -0.627 -0.627
548 0.609 -0.632 -0.632
549 0.61 -0.637 -0.637
550 0.611 -0.643 -0.643
551 0.612 -0.648 -0.648
552 0.613 -0.653 -0.653
553 0.614 -0.659 -0.659
554 0.616 -0.664 -0.664
555 0.617 -0.669 -0.669
556 0.618 -0.674 -0.674
557 0.619 -0.679 -0.679
558 0.62 -0.685 -0.685
559 0.621 -0.69 -0.69
560 0.622 -0.695 -0.695
561 0.623 -0.7 -0.7
562 0.624 -0.705 -0.705
563 0.626 -0.71 -0.71
564 0.627 -0.714 -0.714
565 0.628 -0.719 -0.719
566 0.629 -0.724 -0.724
567 0.63 -0.729 -0.729
568 0.631 -0.734 -0.734
569 0.632 -0.738 -0.738
570 0.633 -0.743 -0.743
571 0.634 -0.748 -0.748
572 0.636 -0.752 -0.752
573 0.637 -0.757 -0.757
574 0.638 -0.762 -0.762
575 0.639 -0.766 -0.766
576 0.64 -0.771 -0.771
577 0.641 -0.775 -0.775
578 0.642 -0.779 -0.779
579 0.643 -0.784 -0.784
580 0.644 -0.788 -0.788
581 0.646 -0.792 -0.792
582 0.647 -0.797 -0.797
583 0.648 -0.801 -0.801
584 0.649 -0.805 -0.805
585 0.65 -0.809 -0.809
586 0.651 -0.813 -0.813
587 0.652 -0.817 -0.817
588 0.653 -0.821 -0.821
589 0.654 -0.825 -0.825
590 0.656 -0.829 -0.829
591 0.657 -0.833 -0.833
592 0.658 -0.837 -0.837
593 0.659 -0.841 -0.841
594 0.66 -0.844 -0.844
595 0.661 -0.848 -0.848
596 0.662 -0.852 -0.852
597 0.663 -0.855 -0.855
598 0.664 -0.859 -0.859
599 0.666 -0.863 -0.863
600 0.667 -0.866 -0.866
601 0.668 -0.869 -0.869
602 0.669 -0.873 -0.873
603 0.67 -0.876 -0.876
604 0.671 -0.88 -0.88
605 0.672 -0.883 -0.883
606 0.673 -0.886 -0.886
607 0.674 -0.889 -0.889
608 0.676 -0.893 -0.893
609 0.677 -0.896 -0.896
610 0.678 -0.899 -0.899
611 0.679 -0.902 -0.902
612 0.68 -0.905 -0.905
613 0.681 -0.908 -0.908
614 0.682 -0.911 -0.911
615 0.683 -0.914 -0.914
616 0.684 -0.916 -0.916
617 0.686 -0.919 -0.919
618 0.687 -0.922 -0.922
619 0.688 -0.925 -0.925
620 0.689 -0.927 -0.927
621 0.69 -0.93 -0.93
622 0.691 -0.932 -0.932
623 0.692 -0.935 -0.935
624 0.693 -0.937 -0.937
625 0.694 -0.94 -0.94
626 0.696 -0.942 -0.942
627 0.697 -0.944 -0.944
628 0.698 -0.947 -0.947
629 0.699 -0.949 -0.949
630 0.7 -0.951 -0.951
631 0.701 -0.953 -0.953
632 0.702 -0.955 -0.955
633 0.703 -0.957 -0.957
634 0.704 -0.959 -0.959
635 0.706 -0.961 -0.961
636 0.707 -0.963 -0.963
637 0.708 -0.965 -0.965
638 0.709 -0.967 -0.967
639 0.71 -0.969 -0.969
640 0.711 -0.97 -0.97
641 0.712 -0.972 -0.972
642 0.713 -0.974 -0.974
643 0.714 -0.975 -0.975
644 0.716 -0.977 -0.977
645 0.717 -0.978 -0.978
646 0.718 -0.98 -0.98
647 0.719 -0.981 -0.981
648 0.72 -0.982 -0.982
649 0.721 -0.984 -0.984
650 0.722 -0.985 -0.985
651 0.723 -0.986 -0.986
652 0.724 -0.987 -0.987
653 0.726 -0.988 -0.988
654 0.727 -0.989 -0.989
655 0.728 -0.99 -0.99
656 0.729 -0.991 -0.991
657 0.73 -0.992 -0.992
658 0.731 -0.993 -0.993
659 0.732 -0.994 -0.994
660 0.733 -0.995 -0.995
661 0.734 -0.995 -0.995
662 0.736 -0.996 -0.996
663 0.737 -0.997 -0.996
664 0.738 -0.997 -0.997
665 0.739 -0.998 -0.998
666 0.74 -0.998 -0.998
667 0.741 -0.998 -0.998
668 0.742 -0.999 -0.999
669 0.743 -0.999 -0.999
670 0.744 -0.999 -0.999
671 0.746 -1 -1
672 0.747 -1 -1
673 0.748 -1 -1
674 0.749 -1 -1
675 0.75 -1 -1
676 0.751 -1 -1
677 0.752 -1 -1
678 0.753 -1 -1
679 0.754 -1 -1
680 0.756 -0.999 -0.999
681 0.757 -0.999 -0.999
682 0.758 -0.999 -0.999
683 0.759 -0.998 -0.998
684 0.76 -0.998 -0.998
685 0.761 -0.998 -0.998
686 0.762 -0.997 -0.997
687 0.763 -0.997 -0.996
688 0.764 -0.996 -0.996
689 0.766 -0.995 -0.995
690 0.767 -0.995 -0.995
691 0.768 -0.994 -0.994
692 0.769 -0.993 -0.993
693 0.77 -0.992 -0.992
694 0.771 -0.991 -0.991
695 0.772 -0.99 -0.99
696 0.773 -0.989 -0.989
697 0.774 -0.988 -0.988
698 0.776 -0.987 -0.987
699 0.777 -0.986 -0.986
700 0.778 -0.985 -0.985
701 0.779 -0.984 -0.984
702 0.78 -0.982 -0.982
703 0.781 -0.981 -0.981
704 0.782 -0.98 -0.98
705 0.783 -0.978 -0.978
706 0.784 -0.977 -0.977
707 0.786 -0.975 -0.975
708 0.787 -0.974 -0.974
709 0.788 -0.972 -0.972
710 0.789 -0.97 -0.97
711 0.79 -0.969 -0.969
712 0.791 -0.967 -0.967
713 0.792 -0.965 -0.965
714 0.793 -0.963 -0.963
715 0.794 -0.961 -0.961
716 0.796 -0.959 -0.959
717 0.797 -0.957 -0.957
718 0.798 -0.955 -0.955
719 0.799 -0.953 -0.953
720 0.8 -0.951 -0.951
721 0.801 -0.949 -0.949
722 0.802 -0.947 -0.947
723 0.803 -0.944 -0.944
724 0.804 -0.942 -0.942
725 0.806 -0.94 -0.94
726 0.807 -0.937 -0.937
727 0.808 -0.935 -0.935
728 0.809 -0.932 -0.932
729 0.81 -0.93 -0.93
730 0.811 -0.927 -0.927
731 0.812 -0.925 -0.925
732 0.813 -0.922 -0.922
733 0.814 -0.919 -0.919
734 0.816 -0.916 -0.916
735 0.817 -0.914 -0.914
736 0.818 -0.911 -0.911
737 0.819 -0.908 -0.908
738 0.82 -0.905 -0.905
739 0.821 -0.902 -0.902
740 0.822 -0.899 -0.899
741 0.823 -0.896 -0.896
742 0.824 -0.893 -0.893
743 0.826 -0.889 -0.889
744 0.827 -0.886 -0.886
745 0.828 -0.883 -0.883
746 0.829 -0.88 -0.88
747 0.83 -0.876 -0.876
748 0.831 -0.873 -0.873
749 0.832 -0.87 -0.869
750 0.833 -0.866 -0.866
751 0.834 -0.863 -0.863
752 0.836 -0.859 -0.859
753 0.837 -0.855 -0.855
754 0.838 -0.852 -0.852
755 0.839 -0.848 -0.848
756 0.84 -0.844 -0.844
757 0.841 -0.841 -0.841
758 0.842 -0.837 -0.837
759 0.843 -0.833 -0.833
760 0.844 -0.829 -0.829
761 0.846 -0.825 -0.825
762 0.847 -0.821 -0.821
763 0.848 -0.817 -0.817
764 0.849 -0.813 -0.813
765 0.85 -0.809 -0.809
766 0.851 -0.805 -0.805
767 0.852 -0.801 -0.801
768 0.853 -0.797 -0.797
769 0.854 -0.792 -0.792
770 0.856 -0.788 -0.788
771 0.857 -0.784 -0.784
772 0.858 -0.779 -0.779
773 0.859 -0.775 -0.775
774 0.86 -0.771 -0.771
775 0.861 -0.766 -0.766
776 0.862 -0.762 -0.762
777 0.863 -0.757 -0.757
778 0.864 -0.752 -0.752
779 0.866 -0.748 -0.748
780 0.867 -0.743 -0.743
781 0.868 -0.738 -0.738
782 0.869 -0.734 -0.734
783 0.87 -0.729 -0.729
784 0.871 -0.724 -0.724
785 0.872 -0.719 -0.719
786 0.873 -0.714 -0.714
787 0.874 -0.71 -0.71
788 0.876 -0.705 -0.705
789 0.877 -0.7 -0.7
790 0.878 -0.695 -0.695
791 0.879 -0.69 -0.69
792 0.88 -0.685 -0.685
793 0.881 -0.679 -0.679
794 0.882 -0.674 -0.674
795 0.883 -0.669 -0.669
796 0.884 -0.664 -0.664
797 0.886 -0.659 -0.659
798 0.887 -0.653 -0.653
799 0.888 -0.648 -0.648
800 0.889 -0.643 -0.643
801 0.89 -0.637 -0.637
802 0.891 -0.632 -0.632
803 0.892 -0.627 -0.627
804 0.893 -0.621 -0.621
805 0.894 -0.616 -0.616
806 0.896 -0.61 -0.61
807 0.897 -0.605 -0.605
808 0.898 -0.599 -0.599
809 0.899 -0.593 -0.593
810 0.9 -0.588 -0.588
811 0.901 -0.582 -0.582
812 0.902 -0.576 -0.576
813 0.903 -0.571 -0.571
814 0.904 -0.565 -0.565
815 0.906 -0.559 -0.559
816 0.907 -0.553 -0.553
817 0.908 -0.548 -0.548
818 0.909 -0.542 -0.542
819 0.91 -0.536 -0.536
820 0.911 -0.53 -0.53
821 0.912 -0.524 -0.524
822 0.913 -0.518 -0.518
823 0.914 -0.512 -0.512
824 0.916 -0.506 -0.506
825 0.917 -0.5 -0.5
826 0.918 -0.494 -0.494
827 0.919 -0.488 -0.488
828 0.92 -0.482 -0.482
829 0.921 -0.476 -0.476
830 0.922 -0.469 -0.469
831 0.923 -0.463 -0.463
832 0.924 -0.457 -0.457
833 0.926 -0.451 -0.451
834 0.927 -0.445 -0.445
835 0.928 -0.438 -0.438
836 0.929 -0.432 -0.432
837 0.93 -0.426 -0.426
838 0.931 -0.419 -0.419
839 0.932 -0.413 -0.413
840 0.933 -0.407 -0.407
841 0.934 -0.4 -0.4
842 0.936 -0.394 -0.394
843 0.937 -0.388 -0.388
844 0.938 -0.381 -0.381
845 0.939 -0.375 -0.375
846 0.94 -0.368 -0.368
847 0.941 -0.362 -0.362
848 0.942 -0.355 -0.355
849 0.943 -0.349 -0.349
850 0.944 -0.342 -0.342
851 0.946 -0.335 -0.335
852 0.947 -0.329 -0.329
853 0.948 -0.322 -0.322
854 0.949 -0.316 -0.316
855 0.95 -0.309 -0.309
856 0.951 -0.302 -0.302
857 0.952 -0.296 -0.296
858 0.953 -0.289 -0.289
859 0.954 -0.282 -0.282
860 0.956 -0.276 -0.276
861 0.957 -0.269 -0.269
862 0.958 -0.262 -0.262
863 0.959 -0.255 -0.255
864 0.96 -0.249 -0.249
865 0.961 -0.242 -0.242
866 0.962 -0.235 -0.235
867 0.963 -0.228 -0.228
868 0.964 -0.222 -0.222
869 0.966 -0.215 -0.215
870 0.967 -0.208 -0.208
871 0.968 -0.201 -0.201
872 0.969 -0.194 -0.194
873 0.97 -0.187 -0.187
874 0.971 -0.181 -0.181
875 0.972 -0.174 -0.174
876 0.973 -0.167 -0.167
877 0.974 -0.16 -0.16
878 0.976 -0.153 -0.153
879 0.977 -0.146 -0.146
880 0.978 -0.139 -0.139
881 0.979 -0.132 -0.132
882 0.98 -0.125 -0.125
883 0.981 -0.118 -0.118
884 0.982 -0.111 -0.111
885 0.983 -0.105 -0.105
886 0.984 -0.0976 -0.0976
887 0.986 -0.0906 -0.0906
888 0.987 -0.0837 -0.0837
889 0.988 -0.0767 -0.0767
890 0.989 -0.0698 -0.0698
891 0.99 -0.0628 -0.0628
892 0.991 -0.0558 -0.0558
893 0.992 -0.0489 -0.0488
894 0.993 -0.0419 -0.0419
895 0.994 -0.0349 -0.0349
896 0.996 -0.0279 -0.0279
897 0.997 -0.0209 -0.0209
898 0.998 -0.014 -0.014
899 0.999 -0.00698 -0.00698
900 1 9.8e-16 9.8e-16
