0.964008
0.366405
0.031251
0.181965
0.897903
0.194997
0.405359
0.157779
0.949363
0.369750
0.805929
0.508552
0.398076
0.110882
0.449467
0.009678
0.237065
0.995857
0.070531
0.377975
0.851363
0.204192
0.728709
0.560985
0.430374
0.095059
0.768772
0.880560
0.123237
0.996482
0.672151
0.087245
0.362887
0.703402
0.269209
0.260790
0.898399
0.674569
0.418570
0.847762
0.044319
0.224499
0.356314
0.442395
0.335381
0.805781
0.452073
0.572445
0.801638
0.522604
0.950420
0.653001
0.726796
0.679129
0.213987
0.157170
0.774188
0.982758
0.037729
0.897425
0.979240
0.709880
0.984670
0.342128
0.413282
0.253879
0.602918
0.311681
0.928448
0.021488
0.159443
0.972767
0.245987
0.515757
0.415162
0.581368
0.321538
0.867235
0.153813
0.123176
0.389838
0.104233
0.776177
0.116634
0.783363
0.990164
0.273804
0.557551
0.972922
0.311533
0.454976
0.952162
0.021413
0.439646
0.294290
0.434694
0.693525
0.897208
0.746375
0.621973
0.918696
0.905818
0.594740
0.164682
0.421575
0.009901
0.746050
0.743112
0.877136
0.899863
0.866288
0.266974
0.004096
0.642465
0.383608
0.787459
0.632629
0.657412
0.345010
0.605551
0.968945
0.799986
0.557713
0.990358
0.239632
0.852003
0.425052
0.933156
0.749211
0.171427
0.555129
0.667906
0.077244
0.149869
0.832589
0.498819
0.159770
0.578638
0.241931
0.036906
0.478501
0.108220
0.303881
0.482597
0.750685
0.687489
0.270056
0.383314
0.344901
0.615066
0.988865
0.313846
0.415052
0.546578
0.304204
0.654683
0.398580
0.729255
0.587840
0.147791
0.900682
0.142969
0.815697
0.977926
0.292838
0.648286
0.476745
0.452608
0.226924
0.718677
0.489515
0.705425
0.826896
0.793396
0.188023
0.577581
0.480885
0.458079
0.960895
0.825785
0.073145
0.949759
0.139631
0.488197
0.496337
0.443835
0.142881
0.894917
0.173090
0.730721
0.042708
0.073772
0.873690
0.858406
0.051699
0.166528
0.506692
0.528444
0.619136
0.733616
0.247121
0.108651
0.439042
0.074017
0.902047
0.627064
0.651598
0.382931
0.085143
0.612493
0.208717
0.158289
0.562252
0.348348
0.646486
0.058589
0.792183
0.789366
0.953506
0.965273
0.520087
0.996214
0.039046
0.393776
0.854620
0.090745
0.560304
0.361312
0.619189
0.179440
0.094928
0.866310
0.288091
0.533970
0.940326
0.190138
0.161034
0.591924
0.573069
0.246177
0.204417
0.781786
0.404466
0.766669
0.130134
0.050952
0.825258
0.922317
0.840318
0.778763
0.887590
0.360405
0.774978
0.926636
0.754181
0.629598
0.017381
0.314485
0.990910
0.636570
0.493925
0.085838
0.502879
0.782017
0.619808
0.443206
0.972154
0.780842
0.035130
0.545223
0.027019
0.239547
0.327009
0.431485
0.006216
0.457143
0.482437
0.831473
0.379460
0.322755
0.610237
0.267050
0.683159
0.385215
0.193686
0.437341
0.014813
0.211067
0.751826
0.005723
0.847637
0.245751
0.091561
0.350516
0.027768
0.711370
0.793722
0.999922
0.492212
0.828852
0.545145
0.519231
0.068398
0.872155
0.950716
0.074614
0.329298
0.433153
0.906087
0.708757
0.755908
0.516324
0.975808
0.439067
0.901538
0.169494
0.876408
0.916351
0.380561
0.628234
0.922074
0.228198
0.873985
0.013635
0.578714
0.901752
0.725005
0.372436
0.901674
0.217217
0.201288
0.446820
0.736448
0.269686
0.318974
0.687164
0.344300
0.648272
0.120318
0.250388
0.357029
0.876226
0.766711
0.332837
0.315293
0.668250
0.502331
0.191701
0.584601
0.882892
0.819934
0.506675
0.111091
0.693919
0.520310
0.689805
0.595671
0.245315
0.062241
0.497345
0.462532
0.263529
0.944165
0.198980
0.533215
0.263139
0.886145
0.877516
0.911411
0.006462
0.127903
0.268440
0.882688
0.894615
0.601277
0.197981
0.562864
0.103608
0.389681
0.147465
0.986501
0.209615
0.654140
0.097591
0.903534
0.174450
0.787396
0.499205
0.419766
0.849637
0.996550
0.882298
0.113166
0.940715
0.081278
0.646381
0.203855
0.967423
0.523897
0.115266
0.973885
0.651800
0.383706
0.856573
0.546414
0.984983
0.054553
0.109279
0.088592
0.444235
0.256744
0.075092
0.653850
0.910884
0.172683
0.557384
0.085335
0.960080
0.056589
0.505100
0.809717
0.053140
0.387399
0.922883
0.993855
0.468677
0.569264
0.197710
0.436100
0.093161
0.312975
0.409985
0.744961
0.696681
0.266558
0.291375
0.681664
0.321111
0.400654
0.770256
0.765345
0.657398
0.845348
0.419195
0.568282
0.018032
0.976579
0.653617
0.978111
0.033169
0.158717
0.787828
0.086308
0.546116
0.710711
0.080163
0.014793
0.279975
0.277873
0.450892
0.373135
0.590848
0.860877
0.118096
0.287529
0.127435
0.409471
0.969194
0.448545
0.810125
0.739450
0.213891
0.467523
0.584798
0.633086
0.035806
0.602830
0.609665
0.689422
0.580941
0.642834
0.848140
0.368769
0.729142
0.394256
0.079480
0.809306
0.409048
0.359455
0.087178
0.859941
0.732590
0.678027
0.720818
0.850686
0.965556
0.848252
0.260158
0.934750
0.296798
0.070283
0.674200
0.510689
0.537806
0.258998
0.143775
0.573612
0.861828
0.753440
0.263034
0.442769
0.396274
0.111174
0.811538
0.125416
0.505429
0.891018
0.934722
0.914478
0.250473
0.021900
0.774419
0.983063
0.699927
0.495236
0.833749
0.665483
0.343489
0.093907
0.600233
0.640287
0.164190
0.274433
0.150975
0.701996
0.533431
0.294750
0.275607
0.395259
0.048191
0.538641
0.838028
0.444465
0.649815
0.649566
0.569881
0.155245
0.540583
0.504603
0.069722
0.791056
0.526504
0.844141
0.774119
0.226431
0.339377
0.607868
0.891914
0.682866
0.701775
0.492147
0.323153
0.865964
0.766580
0.474128
0.567960
0.300011
0.768879
0.843567
0.695270
0.817069
0.382208
0.533298
0.261534
0.032023
0.182863
0.831415
0.187268
0.723446
0.336019
0.256991
0.514502
0.862522
0.101132
0.288621
0.088953
0.440509
0.896489
0.980867
0.123375
0.598264
0.473014
0.446528
0.464228
0.239594
0.920656
0.032188
0.539606
0.689534
0.875755
0.234876
0.506603
0.257964
0.768173
0.768138
0.289987
0.951036
0.599553
0.477255
0.674483
0.935571
0.734246
0.188985
0.798094
0.835377
0.477606
0.887046
0.275886
0.374096
0.867913
0.399261
0.972360
0.340927
0.845789
0.436588
0.580522
0.766444
0.468776
0.120128
0.455979
0.344532
0.355003
0.962582
0.602495
0.123176
0.730720
0.892482
0.074213
0.330272
0.369738
0.748695
0.265844
0.103983
0.937680
0.063937
0.939360
0.415286
0.950984
0.215246
0.789382
0.818897
0.614507
0.761742
0.159825
0.460296
0.198330
0.740346
0.226740
0.667106
0.860474
0.682719
0.011638
0.215477
0.645301
0.614133
0.338654
0.376020
0.506615
0.412866
0.706293
0.876353
0.161561
0.972137
0.980336
0.099241
0.036074
0.919697
0.514528
0.987058
0.134943
0.303910
0.805955
0.749450
0.065652
0.965780
0.209746
0.263982
0.706126
0.436486
0.931088
0.566600
0.119205
0.942726
0.782077
0.764506
0.556859
0.120731
0.140527
0.063474
0.533597
0.846820
0.939827
0.695158
0.818956
0.920163
0.794400
0.855030
0.839860
0.308928
0.842088
0.974802
0.612838
0.648043
0.724253
0.678489
0.613823
0.933999
0.942471
0.319949
0.370485
0.873559
0.886549
0.489691
0.816284
0.668627
0.254197
0.373143
0.789358
0.394724
0.436617
0.322955
0.241543
0.376444
0.018113
0.060500
0.296607
0.812513
0.915530
0.136467
0.121441
0.757618
0.111269
0.734279
0.405662
0.835522
0.412768
0.019485
0.769521
0.355239
0.339434
0.140006
0.228798
0.225983
0.629697
0.045082
0.894610
0.883894
0.418225
0.683968
0.278618
0.854842
0.006923
0.520161
0.231286
0.025036
0.580660
0.527893
0.837549
0.496190
0.664360
0.958991
0.253809
0.775629
0.693269
0.659471
0.611151
0.106037
0.678955
0.380671
0.461276
0.018389
0.520678
0.690074
0.244373
0.150375
0.735156
0.138982
0.034269
0.153381
0.822950
0.312886
0.008223
0.829873
0.833047
0.239510
0.854909
0.413707
0.767403
0.692458
0.909898
0.431763
0.651449
0.163707
0.207391
0.344718
0.823177
0.818542
0.450755
0.502133
0.199213
0.912031
0.520522
0.719891
0.602104
0.764895
0.870266
0.337260
0.903877
0.904534
0.490641
0.726827
0.217420
0.498864
0.556700
0.050467
0.738374
0.411608
0.464175
0.505776
0.104066
0.374073
0.937539
0.755515
0.537779
0.144931
0.100233
0.360957
0.963473
0.550988
0.863089
0.162686
0.463018
0.383612
0.882577
0.065123
0.148506
0.752843
0.402383
0.052383
0.657377
0.893024
0.779210
0.874798
0.391888
0.335910
0.925265
0.130261
0.747518
0.389440
0.636038
0.851584
0.763512
0.573577
0.607099
0.301292
0.718507
0.707332
0.662248
0.681980
0.258320
0.525338
0.844666
0.721339
0.908949
0.727243
0.786461
0.057456
0.480086
0.188844
0.109839
0.137463
0.081868
0.889049
0.012261
0.473756
0.224959
0.937526
0.604017
0.972477
0.326966
0.240055
0.824061
0.090478
0.813632
0.431161
0.391770
0.532139
0.138493
0.054019
0.214119
0.396813
0.579356
0.058785
0.118152
0.488306
0.786028
0.904613
0.545761
0.266114
0.093457
0.655600
0.403577
0.175325
0.544649
0.415838
0.649081
0.769608
0.353364
0.253098
0.742085
0.680330
0.493153
0.566146
0.770809
0.306784
0.997306
0.162579
0.838923
0.135799
0.216598
0.053042
0.532612
0.795954
0.111826
0.650764
0.284260
0.897854
0.555377
0.830021
0.163968
0.648834
0.485621
0.567545
0.824159
0.030270
0.983384
0.473240
0.799878
0.336748
0.726338
0.541962
0.017079
0.219490
0.108108
0.787887
0.526274
0.105414
0.950467
0.365197
0.241214
0.167064
0.418239
0.773826
0.963018
0.530065
0.424590
0.247278
0.427920
0.979967
0.077299
0.591888
0.628801
0.562920
0.159433
0.452961
0.593190
0.142817
0.926201
0.393068
0.479565
0.652539
0.935030
0.496644
0.872029
0.043138
0.284531
0.398303
0.148553
0.234998
0.763501
0.389766
0.402062
0.181740
0.163593
0.365080
0.711805
0.588182
0.612358
0.139725
0.568149
0.689657
0.731613
0.196951
0.252577
0.891047
0.649911
0.845767
0.033864
0.576112
0.238835
0.513429
0.228650
0.173865
0.010073
0.100679
0.217004
0.294604
0.498983
0.365556
0.529601
0.262484
0.755323
0.931663
0.444224
0.918915
0.296744
0.156029
0.507098
0.909102
0.295754
0.075247
0.598759
0.027367
0.272198
0.851337
0.918414
0.922109
0.697104
0.952278
0.498221
0.935939
0.465707
0.726871
0.109804
0.475779
0.827550
0.326808
0.770383
0.326533
0.692364
0.299984
0.589017
0.447687
0.231648
0.033240
0.366602
0.528391
0.189269
0.873700
0.437493
0.485024
0.948948
0.036253
0.512391
0.221146
0.887589
0.430805
0.143255
0.584693
0.383083
0.641475
0.520632
0.848789
0.368346
0.630436
0.324568
0.195897
0.957243
0.094951
0.522430
0.649607
0.394935
0.111446
0.097294
0.626583
0.144687
0.463897
0.154974
0.333956
0.337597
0.592468
0.818980
0.286545
0.628720
0.331370
0.507691
0.516310
0.762175
0.650945
0.101003
0.145258
0.292421
0.621634
0.994047
0.660767
0.252070
0.318615
0.856664
0.209313
0.413566
0.379093
0.858920
0.808502
0.490540
0.956214
0.435084
0.635226
0.420111
0.590059
0.969182
0.757708
0.182526
0.788162
0.044253
0.811247
0.119532
0.551943
0.327556
0.881708
0.202888
0.428559
0.026965
0.495309
0.050193
0.021012
0.156076
0.302263
0.339628
0.012740
0.511575
0.753194
0.391833
0.370495
0.561695
0.882373
0.326709
0.996780
0.517599
0.746820
0.586839
0.486781
0.504528
0.769365
0.274943
0.548781
0.580612
0.394475
0.100724
0.908168
0.276183
0.303612
0.336727
0.303148
0.798921
0.386920
0.324161
0.954997
0.689183
0.663788
0.967737
0.200758
0.416982
0.359570
0.571253
0.978678
0.241942
0.897963
0.975458
0.759541
0.644783
0.562296
0.246323
0.149311
0.331661
0.521266
0.698092
0.912273
0.915741
0.798816
0.820441
0.191924
0.102428
0.157168
0.495073
0.901349
0.544088
0.819233
0.856347
0.233271
0.483022
0.824084
0.434029
0.900004
0.183654
0.005283
0.878682
0.425596
0.903246
0.854139
0.185137
0.548029
0.416435
0.431460
0.697340
0.748097
0.952726
0.395431
0.660370
0.868467
0.194247
0.480811
0.060391
0.296675
0.637979
0.555464
0.198024
0.182068
0.374697
0.054371
0.415339
0.857719
0.878455
0.849368
0.757723
0.062109
0.854651
0.636404
0.487705
0.757897
0.490543
0.672842
0.305926
0.906979
0.104302
0.003265
0.655075
0.057028
0.398697
0.315445
0.925494
0.592943
0.796256
0.985885
0.889618
0.434235
0.541349
0.087643
0.616303
0.916046
0.142014
0.031642
0.773765
0.020469
0.881010
0.531487
0.082578
0.735662
0.167891
0.570283
0.493558
0.658435
0.243126
0.799484
0.565413
0.347428
0.802749
0.220488
0.404455
0.201446
0.535933
0.329950
0.794389
0.332189
0.315835
0.684008
0.766424
0.857184
0.771651
0.382727
0.773231
0.913665
0.414369
0.546995
0.934134
0.295379
0.078483
0.016713
0.031040
0.246374
0.586996
0.524599
0.904809
0.830122
0.324083
0.470222
0.177549
0.126832
0.690710
0.582005
0.328278
0.226643
0.911955
0.122667
0.558832
0.227790
0.806675
0.325256
0.084974
0.578326
0.707983
0.858205
0.491991
0.122352
0.405200
0.426125
0.417731
0.483683
0.442838
0.448772
0.730057
0.029834
0.973371
0.634866
0.859956
0.297454
0.105088
0.037505
0.424286
0.795798
0.619510
0.752564
0.022441
0.531464
0.875231
0.581274
0.759254
0.681906
0.906530
0.844228
0.260232
0.614513
0.702433
0.752223
0.736866
0.107633
0.178347
0.154597
0.591316
0.621185
0.603368
0.321373
0.651019
0.576739
0.956239
0.510975
0.874192
0.061327
0.548479
0.298478
0.857125
0.167989
0.051042
0.879566
0.699453
0.926273
0.460840
0.458708
0.608180
0.367370
0.302936
0.868412
0.981884
0.005369
0.620634
0.718749
0.113002
0.798982
0.873346
0.704318
0.420167
0.476714
0.025691
0.071186
0.053453
0.981930
0.582160
0.927645
0.043257
0.130640
0.226123
0.900382
0.298629
0.277165
0.779948
0.998082
0.203438
0.240788
0.456790
0.811618
0.608158
0.759726
0.680030
0.590041
0.765095
0.300664
0.308790
0.878097
0.099646
0.182136
0.582415
0.519813
0.658850
0.608107
0.590999
0.712303
0.590037
0.173159
0.639948
0.633294
0.303799
0.866071
0.533676
0.602428
0.143236
0.313624
0.600510
0.346674
0.554412
0.057300
0.158293
0.162569
0.817026
0.838322
0.752611
0.582121
0.138987
0.061401
0.460218
0.238633
0.243537
0.042633
0.758445
0.902387
0.650740
0.349444
0.614690
0.240777
0.522603
0.254637
0.874071
0.826402
0.120708
0.407747
0.428829
0.263944
0.721371
0.029339
0.610619
0.275783
0.086640
0.768911
0.438352
0.903666
0.607234
0.190963
0.485787
0.746220
0.252364
0.946005
0.984853
0.495901
0.988638
0.743298
0.398288
0.639378
0.092742
0.012978
0.880155
0.615345
0.267615
0.754226
0.441746
0.388323
0.161973
0.870576
0.652267
0.883344
0.899915
0.262886
0.159127
0.986555
0.031797
0.597479
0.890220
0.639030
0.788442
0.376007
0.385251
0.040805
0.322011
0.370103
0.536706
0.310649
0.113402
0.934994
0.950027
0.206144
0.947971
0.830181
0.821489
0.215586
0.584407
0.263235
0.603909
0.746380
0.133811
0.256177
0.629724
0.033726
0.519063
0.788851
0.020281
0.550860
0.386330
0.910501
0.189890
0.174772
0.286508
0.575141
0.215577
0.608519
0.945244
0.752283
0.919168
0.058646
0.687277
0.869195
0.264790
0.635248
0.699376
0.086278
0.850835
0.283784
0.349514
0.454744
0.030164
0.483324
0.710921
0.659888
0.517050
0.229984
0.448739
0.537331
0.780843
0.835069
0.447832
0.970733
0.009841
0.734340
0.545874
0.225418
0.342859
0.491118
0.977701
0.262027
0.549764
0.664978
0.131222
0.814554
0.300226
0.830598
0.900832
0.151061
0.114382
0.250346
0.605805
0.144546
0.733670
0.316726
0.804434
0.250720
0.546710
0.253174
0.788051
0.327553
0.088243
0.235883
0.298286
0.098084
0.970223
0.844160
0.323502
0.313081
0.335278
0.301203
0.575108
0.885042
0.966181
0.706330
0.699596
0.266407
0.536928
0.600428
0.417468
0.651311
0.850773
0.023273
0.795857
0.584443
0.340000
0.600291
0.835164
0.886709
0.853465
0.623215
0.214262
0.941708
0.859098
0.512548
0.039792
0.829320
0.356708
0.363293
0.142402
0.691987
0.664496
0.717510
0.577029
0.630677
0.423840
0.276625
0.897084
0.960768
0.877053
0.314553
0.612079
0.727826
0.337826
0.407935
0.312269
0.677826
0.008226
0.147433
0.564535
0.861691
0.770647
0.778797
0.803398
0.629745
0.291346
0.843190
0.459066
0.648054
0.206483
0.601467
0.340041
0.870980
0.318977
0.917070
0.501657
0.742816
0.193694
0.398741
0.703585
0.070747
0.713294
0.315663
0.798573
0.051120
0.723599
0.110842
0.728946
0.731825
0.258275
0.293481
0.593515
0.028922
0.072279
0.396914
0.658668
0.363625
0.240104
0.117733
0.011679
0.446587
0.719200
0.351720
0.317567
0.038177
0.268790
0.819223
0.780993
0.462484
0.217965
0.484578
0.533231
0.931259
0.800241
0.331804
0.982379
0.523840
0.442646
0.711326
0.255664
0.700921
0.004807
0.849180
0.729844
0.077086
0.246093
0.388511
0.440710
0.486197
0.506244
0.452389
0.932784
0.225445
0.804109
0.250351
0.263621
0.072899
0.069574
0.044615
0.535383
0.287539
0.529193
0.068614
0.218798
0.329434
0.400419
0.201177
0.853273
0.843065
0.912503
0.108937
0.543986
0.917310
0.958117
0.273830
0.994395
0.204211
0.662341
0.435106
0.690408
0.168586
0.887495
0.623192
0.394030
0.691605
0.873542
0.657652
0.764504
0.943117
0.702266
0.299887
0.230655
0.231459
0.368501
0.449453
0.560892
0.768920
0.650630
0.414166
0.611985
0.563133
0.523103
0.155971
0.480443
0.481220
0.429801
0.474838
0.685431
0.092142
0.909944
0.375839
0.260728
0.797439
0.999031
0.654758
0.489043
0.872573
0.312410
0.253547
0.815690
0.014676
0.553434
0.046345
0.246135
0.921935
0.495798
0.807027
0.690854
0.146429
0.221193
0.302839
0.709562
0.744296
0.458810
0.190004
0.225517
0.888611
0.664842
0.910948
0.980754
0.574786
0.286786
0.241482
0.372225
0.285817
0.896240
0.861268
0.158390
0.208649
0.114815
0.974080
0.223325
0.668248
0.020425
0.469460
0.590183
0.516224
0.276488
0.281037
0.662653
0.497681
0.583877
0.372214
0.241977
0.042687
0.562219
0.467493
0.931299
0.227061
0.378441
0.912052
0.801847
0.665227
0.153534
0.174071
0.951045
0.049774
0.035339
0.109435
0.258423
0.150154
0.083515
0.481749
0.818402
0.103941
0.951209
0.408585
0.620164
0.227697
0.689623
0.282817
0.725377
0.273500
0.655031
0.967354
0.316187
0.217250
0.434847
0.247485
0.444311
0.813288
0.159538
0.246158
0.478516
0.313072
0.420229
0.429560
0.362846
0.455568
0.538995
0.621269
0.605722
0.622511
0.103018
0.424124
0.726451
0.054227
0.832710
0.346616
0.281924
0.522332
0.629433
0.007301
0.795832
0.284464
0.974655
0.112019
0.501714
0.409503
0.359504
0.946025
0.222791
0.519042
0.192182
0.701307
0.832113
0.612411
0.130867
0.194959
0.067979
0.669863
0.816228
0.673701
0.292373
0.919246
0.097825
0.018825
0.973473
0.930535
0.365441
0.255397
0.452868
0.994873
0.262698
0.248700
0.279338
0.237353
0.360718
0.781052
0.646856
0.720222
0.727076
0.869647
0.239264
0.919259
0.570954
0.071377
0.531670
0.701821
0.266336
0.599649
0.371683
0.082564
0.273350
0.664057
0.001810
0.371176
0.682881
0.975283
0.301711
0.048322
0.230680
0.754579
0.043195
0.493378
0.003278
0.322533
0.730731
0.363996
0.103584
0.377587
0.084219
0.830661
0.247233
0.323483
0.749920
0.818187
0.394860
0.281590
0.520008
0.661196
0.881239
0.891691
0.743761
0.154589
0.555748
0.745571
0.525765
0.238629
0.720854
0.827476
0.286951
0.951534
0.582055
0.330147
0.444912
0.585333
0.652679
0.175643
0.949329
0.756264
0.553229
0.033548
0.586925
0.800463
0.357031
0.336845
0.618650
0.751891
0.618434
0.138657
0.413087
0.499674
0.030349
0.156848
0.654263
0.586097
0.902418
0.180028
0.824726
0.623272
0.007505
0.111677
0.574806
0.589559
0.441824
0.019718
0.174892
0.094503
0.195361
0.124222
0.850767
0.748590
0.157770
0.437692
0.549053
0.514801
0.774537
0.167702
0.266692
0.392971
0.306360
0.679779
0.892645
0.336709
0.836627
0.546908
0.922805
0.739045
0.726936
0.747531
0.362318
0.734441
0.859208
0.937124
0.324000
0.301032
0.956842
0.498892
0.395535
0.152203
0.623114
0.246303
0.900794
0.780884
0.683995
0.449846
0.295686
0.458532
0.617549
0.562378
0.851503
0.923909
0.242157
0.744147
0.260617
0.078783
0.291055
0.183423
0.817829
0.017991
0.930954
0.180146
0.752432
0.790162
0.117270
0.076432
0.091194
0.074113
0.575324
0.486730
0.226316
0.198438
0.733033
0.127109
0.979323
0.417027
0.576956
0.275008
0.875559
0.194504
0.837386
0.727062
0.118413
0.079543
0.471209
0.379031
0.158326
0.762264
0.562453
0.976154
0.780255
0.493407
0.156301
0.532687
0.283569
0.273571
0.609119
0.374764
0.347683
0.184443
0.861494
0.573999
0.382881
0.594526
0.701109
0.362204
0.011554
0.278064
0.637212
0.887112
0.472569
0.474598
0.614174
0.590982
0.554140
0.085383
0.970013
0.712466
0.847647
0.532466
0.688621
0.627903
0.025873
0.844921
0.160590
0.309442
0.118492
0.769708
0.684206
0.466175
0.954151
0.545700
0.040174
0.337032
0.140226
0.741283
0.699235
0.151779
0.019347
0.336447
0.038892
0.491916
0.811045
0.653066
0.082898
0.365185
0.738449
0.052911
0.077651
0.586096
0.585377
0.766272
0.213999
0.611250
0.611193
0.374588
0.920692
0.729685
0.144297
0.604898
0.195860
0.098448
0.150597
0.236034
0.435480
0.290823
0.977317
0.134715
0.442603
0.996665
0.471162
0.481494
0.488581
0.282207
0.134560
0.571480
0.647392
0.873009
0.624391
0.725043
0.459105
0.209767
0.491314
0.673104
0.821017
0.102507
0.047692
0.741709
0.832192
0.191989
0.346607
0.028052
0.290436
0.497204
0.264086
0.725916
0.788028
0.241403
0.860631
0.230630
0.238068
0.331793
0.712125
0.726650
0.614000
0.846685
0.298129
0.261391
0.719694
0.922520
0.986434
0.178798
0.132287
0.477749
0.851902
0.953304
0.580256
0.899594
0.695013
0.412448
0.091583
0.041620
0.440500
0.382019
0.538825
0.704586
0.107935
0.326852
0.945989
0.968566
0.557482
0.184057
0.300359
0.269607
0.910707
0.914358
0.116292
0.208836
0.175750
0.835985
0.131356
0.162184
0.014784
0.263643
0.639932
0.866685
0.216947
0.220188
0.766279
0.911961
0.632636
0.857862
0.953581
0.073135
0.239881
0.492405
0.777721
0.347816
0.819258
0.723710
0.316382
0.376740
0.907767
0.616741
0.646347
0.818474
0.531099
0.762638
0.027310
0.706849
0.598624
0.158666
0.869032
0.613407
0.422309
0.508965
0.480093
0.639257
0.729153
0.246372
0.551217
0.361789
0.104234
0.504798
0.434924
0.344115
0.997204
0.212645
0.691931
0.816462
0.936356
0.008313
0.193201
0.844123
0.625053
0.839548
0.662597
0.156152
0.602187
0.689908
0.863000
0.200810
0.848574
0.732033
0.814218
0.270884
0.240997
0.294310
0.910140
0.970150
0.540682
0.461358
0.331939
0.644916
0.966156
0.766864
0.989031
0.963360
0.979509
0.680962
0.779822
0.915865
0.689274
0.973023
0.759988
0.314327
0.812571
0.422585
0.470479
0.414758
0.112493
0.333480
0.615568
0.961067
0.065512
0.429786
0.231951
0.306510
0.724096
0.142091
0.276660
0.264778
0.603449
0.608600
0.909695
0.569605
0.375463
0.898726
0.532965
0.354972
0.579687
0.312787
0.270837
0.268961
0.285810
0.030825
0.583289
0.098381
0.453410
0.053768
0.513139
0.565903
0.387247
0.128707
0.526970
0.452760
0.558493
0.758921
0.759269
0.282589
0.901012
0.035930
0.547368
0.504461
0.644529
0.457062
0.074066
0.019992
0.355788
0.607031
0.374965
0.935475
0.919818
0.645802
0.204437
0.205628
0.676626
0.787725
0.304009
0.130036
0.841493
0.817148
0.695939
0.228740
0.945855
0.222909
0.681500
0.504349
0.981830
0.440769
0.786938
0.882842
0.476699
0.334306
0.387303
0.121228
0.791368
0.461369
0.141221
0.147156
0.068400
0.516186
0.082632
0.988217
0.161987
0.287068
0.193845
0.838614
0.074793
0.497854
0.968650
0.916286
0.315002
0.664589
0.145026
0.260857
0.887498
0.826526
0.765206
0.869328
0.267296
0.552144
0.752170
0.743995
0.886450
0.139473
0.865223
0.677818
0.600841
0.006444
0.824974
0.669241
0.522629
0.907606
0.657458
0.684617
0.194674
0.851304
0.523231
0.269467
0.349158
0.491880
0.185753
0.664160
0.156469
0.330780
0.925017
0.043967
0.157306
0.690223
0.913295
0.424602
0.242367
0.665465
0.168596
0.128817
0.804938
0.033819
0.806635
0.405779
0.040263
0.631609
0.075020
0.562892
0.539215
0.732478
0.247509
0.733889
0.583782
0.770740
0.003356
0.932939
0.262620
0.189110
0.597099
0.419089
0.519889
0.522116
0.463056
0.677195
0.212340
0.376352
0.101797
0.454707
0.041816
0.270393
0.583524
0.846754
0.304212
0.390159
0.252533
0.344475
0.021768
0.327553
0.907368
0.560983
0.060031
0.154877
0.294873
0.643813
0.925616
0.298229
0.576752
0.188236
0.487339
0.173851
0.607326
0.007228
0.695968
0.070382
0.684424
0.908307
0.446734
0.786221
0.363014
0.488550
0.056614
0.946538
0.335304
0.360826
0.336697
0.587837
0.705301
0.358465
0.915390
0.612669
0.919448
0.975421
0.767545
0.214321
0.619233
0.693162
0.512550
0.195985
0.881398
0.999888
0.369836
0.488723
0.007117
0.065804
0.559106
0.691540
0.974111
0.005839
0.477761
0.337125
0.494389
0.534375
0.283663
0.829693
0.895201
0.620360
0.417530
0.600502
0.978825
0.332920
0.213171
0.898273
0.308341
0.980716
0.112593
0.927574
0.673878
0.625143
0.123559
0.555276
0.625031
0.493395
0.043999
0.632148
0.559199
0.603105
0.323689
0.533311
0.608944
0.801450
0.870436
0.103333
0.335824
0.154100
0.933026
0.231025
0.774459
0.350556
0.831527
0.753284
0.683476
0.044697
0.651557
0.991817
0.025413
0.764150
0.919391
0.699291
0.389293
0.042949
0.254566
0.014324
0.536345
0.298565
0.646472
0.095544
0.901670
0.970161
0.628855
0.510613
0.771611
0.499292
0.613946
0.107435
0.653391
0.546972
0.338460
0.427850
0.897529
0.169986
0.181134
0.581005
0.214683
0.832691
0.572822
0.240096
0.596841
0.492213
0.939387
0.986134
0.535162
0.193953
0.000458
0.071507
0.492518
0.646930
0.167051
0.394188
0.617091
0.795907
0.904801
0.388702
0.295198
0.518748
0.496136
0.948589
0.065720
0.834596
0.376440
0.963249
0.004582
0.557574
0.544254
0.219265
0.390265
0.117076
0.459362
0.987106
0.609289
0.398748
0.973239
0.144451
0.592702
0.973697
0.215958
0.085220
0.620627
0.383009
0.479408
0.237718
0.178916
0.384209
0.626420
0.474114
0.902957
0.122556
0.422703
0.968677
0.957152
0.799142
0.931926
0.961734
0.356716
0.476180
0.181000
0.746981
0.593256
0.640361
0.734087
0.202544
0.039110
0.707326
0.346995
0.631811
0.681023
0.562953
0.717031
0.301650
0.945962
0.196439
0.539368
0.124878
0.580649
0.165788
0.598991
0.483606
0.288344
0.021694
0.452283
0.245497
0.820836
0.384209
0.207231
0.177553
0.860389
0.388231
0.924534
0.453645
0.028592
0.658621
0.656189
0.067702
0.365947
0.003184
0.699513
0.046970
0.566137
0.416544
0.348620
0.512099
0.612983
0.887989
0.636976
0.193632
0.053777
0.235968
0.677238
0.342121
0.257662
0.129521
0.587618
0.078498
0.513729
0.794849
0.256051
0.374118
0.183080
0.180585
0.827763
0.211672
0.839206
0.483952
0.279373
0.205154
0.487136
0.978886
0.252124
0.053273
0.395430
0.600744
0.565371
0.008413
0.488733
0.202348
0.202045
0.542510
0.438315
0.879283
0.884631
0.695977
0.008803
0.472249
0.774475
0.522533
0.267098
0.030526
0.896651
0.450178
0.211111
0.724414
0.661850
0.050317
0.208365
0.941223
0.255471
0.695501
0.920109
0.507595
0.748773
0.315539
0.108340
0.314145
0.323952
0.597073
0.516493
0.525997
0.139583
0.954808
0.405280
0.024214
0.650785
0.414083
0.496463
0.425260
0.936616
0.763561
0.455786
0.833267
0.213739
0.666897
0.557681
0.875589
0.717215
0.766046
0.816811
0.972686
0.461547
0.736920
0.480281
0.210320
0.052459
0.588621
0.524465
0.376411
0.185693
0.040957
0.902409
0.325276
0.995765
0.307689
0.349490
0.646550
0.721772
0.845952
0.071811
0.658388
0.609514
0.527597
0.491656
0.823253
0.194494
0.049336
0.698841
0.911708
0.815382
0.515652
0.884394
0.276929
0.252572
0.364675
0.487249
0.305031
0.953296
0.011714
0.681442
0.138989
0.052671
0.583851
0.464265
0.048436
0.891540
0.813755
0.694987
0.613312
0.659707
0.766797
0.271700
0.269221
0.294394
0.763356
0.092473
0.488888
0.812692
0.791314
0.400596
0.628074
0.306967
0.284990
0.905003
0.559539
0.649665
0.392252
0.864570
0.602961
0.403966
0.546013
0.741950
0.456637
0.129864
0.206215
0.505073
0.021403
0.019970
0.200060
0.634715
0.679677
0.966857
0.906416
0.948897
0.261251
0.669772
0.041370
0.750139
0.482464
0.832685
0.150735
0.110538
0.139651
0.435725
0.015541
0.699190
0.085391
0.407794
0.563760
0.688352
0.811759
0.109773
0.430302
0.268396
0.239637
0.636518
0.773470
0.261040
0.656487
0.973530
0.895756
0.336164
0.940387
0.802172
0.285062
0.201639
0.471943
0.326432
0.951778
0.954407
0.159117
0.102513
0.064946
0.298768
0.538238
0.080487
0.997958
0.623629
0.488281
0.561718
0.311981
0.300040
0.671492
0.742283
0.568436
0.911128
0.378801
0.341906
0.172168
0.035288
0.315436
0.067924
0.371452
0.255823
0.870096
0.656514
0.457461
0.342039
0.982946
0.409239
0.296447
0.142063
0.511752
0.361392
0.440831
0.049990
0.441880
0.438789
0.673619
0.930160
0.000508
0.985599
0.230200
0.671999
0.727882
0.798637
0.583127
0.106683
0.140543
0.755296
0.141971
0.455978
0.823220
0.513423
0.711801
0.693316
0.169937
0.169262
0.035355
0.152883
0.578502
0.331801
0.294946
0.090253
0.693194
0.735778
0.140243
0.135073
0.174567
0.813862
0.065233
0.175074
0.799461
0.295434
0.847073
0.527343
0.094071
0.430201
0.634026
0.234613
0.185497
0.775997
0.690591
0.008717
0.289420
0.402392
0.702032
0.459357
0.571655
0.737387
0.612240
0.150156
0.069189
0.907187
0.240410
0.762382
0.642964
0.380653
0.897455
0.817531
0.194515
0.962689
0.992605
0.993976
0.258123
0.839679
0.521320
0.352193
0.269879
0.155346
0.586807
0.455376
0.931342
0.277398
0.464093
0.220762
0.679790
0.166125
0.680119
0.251445
0.903512
0.292360
0.401602
0.972700
0.199546
0.642011
0.735083
0.842511
0.022665
0.632538
0.660042
0.217180
0.595227
0.652647
0.211156
0.853350
0.492326
0.732475
0.205543
0.762205
0.887821
0.792350
0.217581
0.819163
0.069748
0.681674
0.039925
0.749538
0.847799
0.720044
0.000983
0.751311
0.012404
0.402585
0.724011
0.211950
0.044597
0.459094
0.054461
0.067261
0.091632
0.714503
0.284441
0.686860
0.367150
0.495597
0.540210
0.859476
0.228072
0.745753
0.621682
0.115893
0.538103
0.839263
0.935056
0.607851
0.520937
0.974981
0.357389
0.368736
0.695026
0.358372
0.120047
0.707430
0.760957
0.844058
0.919380
0.805554
0.303152
0.973841
0.872815
0.394784
0.688344
0.157256
0.081644
0.055494
0.652852
0.621854
0.914971
0.880924
0.367606
0.536652
0.996817
0.905709
0.375915
0.931873
0.513560
0.896852
0.906855
0.870949
0.265588
0.601881
0.229321
0.385635
0.309310
0.990278
0.229693
0.228690
0.795832
0.532845
0.202531
0.668647
0.927629
0.890875
0.825902
0.009273
0.946370
0.478755
0.631127
0.861340
0.359679
0.998733
0.397992
0.356496
0.904442
0.773907
0.288369
0.418002
0.670760
0.195224
0.288951
0.936348
0.797105
0.518272
0.321982
0.106415
0.508550
0.551675
0.335105
0.304382
0.084520
0.537637
0.973028
0.012149
0.428512
0.798931
0.021423
0.374882
0.277685
0.652549
0.236222
0.637364
0.651283
0.634214
0.993860
0.555725
0.408122
0.282230
0.973727
0.078881
0.477454
0.262678
0.015229
0.274559
0.780950
0.337211
0.380974
0.289500
0.888886
0.716079
0.593882
0.973406
0.253716
0.566911
0.985555
0.682228
0.365841
0.006978
0.057109
0.643526
0.659527
0.293331
0.280890
0.310810
0.927545
0.274751
0.866535
0.335667
0.556980
0.840262
0.414548
0.034434
0.102940
0.429776
0.308993
0.883891
0.766987
0.689967
0.173391
0.655873
0.406046
0.767273
0.629279
0.659762
0.334184
0.614835
0.341990
0.700025
0.621812
0.399099
0.343551
0.281340
0.692430
0.624442
0.592149
0.619975
0.899192
0.458684
0.955642
0.456173
0.298946
0.370190
0.490607
0.401887
0.799966
0.799599
0.285777
0.566954
0.489566
0.459169
0.222827
0.895612
0.226442
0.852106
0.555374
0.560626
0.466941
0.897364
0.260651
0.088753
0.296463
0.604202
0.370093
0.988894
0.228644
0.962242
0.608869
0.127837
0.420926
0.564511
0.584009
0.719872
0.934701
0.074616
0.121759
0.734667
0.874215
0.407536
0.301621
0.363781
0.866705
0.524448
0.259394
0.093147
0.376555
0.814768
0.653772
0.843496
0.712132
0.914423
0.932249
0.008595
0.518625
0.302342
0.997489
0.747269
0.264584
0.606358
0.875106
0.685511
0.170869
0.459115
0.405383
0.105570
0.533731
0.527142
0.840237
0.407946
0.934678
0.141859
0.771728
0.801383
0.666307
0.031121
0.894530
0.042861
0.845889
0.548302
0.886357
0.558022
0.462726
0.818606
0.566617
0.981351
0.120948
0.564106
0.728620
0.385532
0.170464
0.603726
0.071043
0.341333
0.062841
0.476426
0.446903
0.596572
0.003568
0.287141
0.004519
0.938246
0.428999
0.776246
0.739629
0.095306
0.807368
0.634159
0.138167
0.653257
0.182462
0.024524
0.211279
0.645187
0.843131
0.777896
0.626538
0.964079
0.342002
0.355158
0.349611
0.512466
0.958884
0.420654
0.853799
0.021726
0.897080
0.300703
0.618298
0.900647
0.587844
0.622817
0.838893
0.016843
0.399063
0.578523
0.112149
0.206430
0.212682
0.250317
0.859687
0.395144
0.274841
0.070966
0.040331
0.117972
0.848862
0.666869
0.082050
0.190864
0.022028
0.431661
0.703330
0.980912
0.852315
0.557130
0.002638
0.749395
0.857832
0.620936
0.650042
0.445676
0.243753
0.488936
0.462519
0.642816
0.067458
0.574669
0.849246
0.280140
0.824985
0.708934
0.675284
0.099827
0.779900
0.715615
0.217798
0.628762
0.382484
0.299849
0.819626
0.404512
0.731510
0.522956
0.385424
0.583826
0.080086
0.388062
0.333221
0.937918
0.008998
0.983263
0.383594
0.252751
0.472198
0.846114
0.895567
0.539657
0.420782
0.744813
0.819797
0.245768
0.453746
0.495081
0.345594
0.233646
0.210696
0.563393
0.862408
0.593180
0.863241
0.682034
0.997692
0.594752
0.204990
0.383117
0.178577
0.285075
0.771179
0.511798
0.222993
0.780177
0.495061
0.606588
0.032928
0.967259
0.452701
0.928494
0.506916
0.873484
0.673307
0.326712
0.119251
0.127054
0.821793
0.464846
0.360700
0.032489
0.028238
0.223108
0.625669
0.891480
0.905142
0.623362
0.486231
0.110132
0.006478
0.664809
0.395207
0.777657
0.176607
0.618201
0.557834
0.671667
0.224789
0.590762
0.638926
0.677490
0.519256
0.145842
0.550974
0.192564
0.472555
0.670225
0.319617
0.294348
0.135071
0.680318
0.326837
0.163309
0.903426
0.952506
0.054789
0.808568
0.575868
0.541020
0.918700
0.582346
0.205829
0.313907
0.360003
0.382435
0.932108
0.917837
0.054103
0.156897
0.508599
0.693029
0.834387
0.027855
0.838871
0.385360
0.220419
0.311426
0.055585
0.540036
0.605774
0.190656
0.220354
0.932611
0.353965
0.123780
0.885117
0.408753
0.932348
0.460985
0.949773
0.851048
0.043331
0.155602
0.164955
0.403334
0.538037
0.097063
0.321172
0.592140
0.253960
0.829771
0.285169
0.088347
0.857626
0.124040
0.473707
0.078045
0.435466
0.529292
0.618081
0.041240
0.719948
0.838435
0.973850
0.073913
0.962215
0.858967
0.482667
0.894563
0.319952
0.432440
0.745610
0.363283
0.588042
0.910565
0.766618
0.126079
0.007628
0.087789
0.718219
0.261588
0.917560
0.003388
0.349935
0.775186
0.127428
0.823642
0.853231
0.562894
0.352934
0.471312
0.604134
0.072883
0.309748
0.577984
0.146796
0.271963
0.436952
0.629463
0.166526
0.756904
0.061903
0.912136
0.120187
0.649945
0.822701
0.886805
0.776024
0.830329
0.974594
0.494243
0.091917
0.892154
0.497631
0.441852
0.667340
0.625059
0.265494
0.520571
0.187953
0.618428
0.991884
0.792087
0.691310
0.301632
0.370071
0.838106
0.573595
0.807022
0.467569
0.740120
0.563926
0.529472
0.652256
0.684113
0.179416
0.474957
0.570918
0.955441
0.305287
0.545512
0.449684
0.397204
0.437667
0.947315
0.839056
0.105007
0.572374
0.104550
0.625578
0.760327
0.722978
0.617462
0.552414
0.414288
0.919094
0.922485
0.252395
0.492688
0.729507
0.719964
0.232808
0.293434
0.249435
0.885065
0.977547
0.428852
0.360022
0.548465
0.384292
0.665309
0.093978
0.833976
0.062513
0.531644
0.781291
0.901570
0.636651
0.353665
0.006120
0.262229
0.113992
0.729098
0.879691
0.666406
0.143386
0.798785
0.588891
0.395781
0.291473
0.318398
0.115744
0.524281
0.611832
0.365179
0.409346
0.589379
0.794031
0.769368
0.137844
0.178323
0.434677
0.231822
0.012299
0.497190
0.763466
0.793590
0.398760
0.400117
0.147255
0.404880
0.662346
0.261247
0.133978
0.542037
0.927653
0.277364
0.340822
0.516544
0.673145
0.632294
0.834942
0.788889
0.156576
0.446774
0.154069
0.565921
0.036153
0.948100
0.335289
0.173997
0.126423
0.769966
0.405819
0.138722
0.267157
0.169285
0.932313
0.665917
0.569402
0.079568
0.070798
0.231748
0.340815
0.204776
0.773786
0.268468
0.482140
0.114607
0.785012
0.155285
0.746902
0.619954
0.944174
0.903477
0.066729
0.098243
0.469399
0.102882
0.046342
0.804688
0.276879
0.172765
0.574654
0.682698
0.311488
0.841811
0.851983
0.243800
0.507728
0.421385
0.323368
0.578526
0.653133
0.664183
0.783302
0.426919
0.932651
0.265442
0.541526
0.717663
0.420726
0.288428
0.337618
0.364901
0.191905
0.404346
0.463143
0.661303
0.507228
0.509486
0.465991
0.784107
0.682251
0.040646
0.466804
0.993738
0.882457
0.318787
0.237539
0.390185
0.740172
0.560906
0.968711
0.393305
0.225089
0.752013
0.820224
0.157740
0.017454
0.361750
0.875403
0.438181
0.650178
0.213020
0.803081
0.842083
0.617367
0.266225
0.503386
0.124594
0.775710
0.969377
0.908701
0.457961
0.010023
0.375505
0.451700
0.892479
0.694292
0.689238
0.282665
0.434464
0.250144
0.251376
0.827770
0.475234
0.003388
0.647994
0.632973
0.020842
0.009744
0.508376
0.459023
0.659922
0.721397
0.262104
0.502004
0.338763
0.528329
0.005390
0.463358
0.304039
0.974767
0.372059
0.762000
0.984790
0.747564
0.213700
0.877270
0.441856
0.902938
0.159934
0.876321
0.153082
0.411310
0.704091
0.628316
0.414698
0.352085
0.261289
0.435540
0.361829
0.769666
0.894564
0.021750
0.491062
0.156668
0.523755
0.829826
0.684997
0.529145
0.293184
0.989036
0.503913
0.665243
0.751036
0.488703
0.412807
0.964736
0.365972
0.854663
0.867674
0.525907
0.730984
0.020756
0.937216
0.435075
0.649072
0.351914
0.787159
0.910361
0.787455
0.148988
0.680026
0.682018
0.170739
0.171089
0.838686
0.694493
0.000915
0.523683
0.223639
0.294099
0.512719
0.727551
0.959341
0.263756
0.216254
0.372148
0.228492
0.582227
0.226811
0.096165
0.108133
0.957795
0.116921
0.045349
0.392869
0.765993
0.397263
0.180029
0.676354
0.184718
0.329017
0.356380
0.866736
0.499755
0.527469
0.705423
0.194249
0.528384
0.229106
0.417887
0.822483
0.741826
0.145439
0.781824
0.005581
0.361693
0.153971
0.234073
0.943919
0.380782
0.330238
0.052052
0.338577
0.447159
0.097402
0.731446
0.213152
0.494665
0.911475
0.889506
0.679383
0.240491
0.245886
0.546119
0.740247
0.773355
0.251542
0.934495
0.301739
0.480648
0.352383
0.124222
0.222474
0.497821
0.906046
0.228055
0.859514
0.060017
0.462128
0.803433
0.440799
0.792366
0.855486
0.779376
0.239526
0.952887
0.510822
0.452678
0.447552
0.422297
0.342184
0.126935
0.662788
0.588070
0.673055
0.403035
0.361425
0.924597
0.337530
0.663165
0.405245
0.689913
0.787386
0.627719
0.187735
0.693432
0.855774
0.047249
0.753449
0.317902
0.850682
0.194248
0.110269
0.706168
0.973624
0.349794
0.659055
0.484446
0.802472
0.106607
0.906743
0.144656
0.233543
0.569531
0.732726
0.906597
0.972566
0.094151
0.831194
0.310096
0.757315
0.236440
0.000009
0.544702
0.864159
0.187744
0.238134
0.719933
0.234992
0.991583
0.037835
0.085674
0.185831
0.148104
0.791842
0.159456
0.497898
0.450897
0.643902
0.300370
0.557504
0.550645
0.445026
0.791047
0.120175
0.177751
0.697645
0.092741
0.271902
0.528839
0.402837
0.029218
0.765278
0.402846
0.573920
0.629437
0.590590
0.812054
0.349370
0.825582
0.803637
0.387205
0.911257
0.989468
0.535309
0.703099
0.148923
0.033207
0.153996
0.792825
0.333576
0.711501
0.343470
0.778602
0.502548
0.463645
0.956353
0.200192
0.556386
0.228256
0.729031
0.959224
0.257474
0.494310
0.362070
0.831393
0.123747
0.952660
0.643447
0.473117
0.778242
0.447083
0.860322
0.689499
0.436551
0.395630
0.392598
0.585475
0.428837
0.546594
0.378300
0.762413
0.258095
0.721770
0.541016
0.760642
0.185415
0.497369
0.960835
0.741801
0.725625
0.689866
0.701025
0.983098
0.184176
0.063095
0.814492
0.307922
0.015755
0.457939
0.781039
0.793997
0.905022
0.641361
0.483496
0.341573
0.036991
0.876094
0.927048
0.465829
0.422688
0.305348
0.228242
0.680783
0.027118
0.769258
0.441426
0.212533
0.266627
0.402260
0.954335
0.992251
0.092126
0.655360
0.975350
0.276302
0.718455
0.789842
0.584224
0.734210
0.247780
0.365264
0.528207
0.152802
0.006625
0.011703
0.494376
0.043616
0.887798
0.421424
0.509445
0.310486
0.726773
0.737687
0.991269
0.753891
0.506944
0.432695
0.966424
0.773571
0.834955
0.920759
0.765822
0.927081
0.576119
0.741172
0.203383
0.294574
0.531014
0.787608
0.028784
0.778794
0.152871
0.556991
0.931596
0.159496
0.568695
0.425972
0.203112
0.456492
0.847396
0.712557
0.766978
0.574169
0.450244
0.758248
0.328060
0.957188
0.190942
0.294484
0.730759
0.025897
0.215243
0.496581
0.952979
0.791362
0.237753
0.156362
0.085936
0.768767
0.943970
0.114720
0.547561
0.096841
0.671711
0.479157
0.256337
0.240406
0.905130
0.459449
0.696898
0.752526
0.172006
0.463877
0.326695
0.622250
0.222124
0.654755
0.579438
0.413067
0.949239
0.310197
0.438964
0.164482
0.806778
0.391943
0.955844
0.044531
0.548305
0.041781
0.813298
0.492274
0.156501
0.360859
0.589115
0.828212
0.840016
0.845453
0.068618
0.745146
0.304902
0.765517
0.497672
0.476909
0.229394
0.824367
0.099159
0.451518
0.479122
0.678597
0.864584
0.428361
0.988793
0.303548
0.592843
0.795571
0.695491
0.548687
0.840102
0.243795
0.590467
0.653400
0.736069
0.746968
0.014259
0.325185
0.575180
0.854275
0.170637
0.643799
0.599421
0.475540
0.409316
0.097093
0.952448
0.638709
0.921460
0.051607
0.090227
0.400582
0.730204
0.954812
0.828943
0.718997
0.258360
0.421785
0.514568
0.953851
0.970472
0.354670
0.197646
0.560939
0.008070
0.933715
0.307907
0.022329
0.258900
0.883088
0.876604
0.429538
0.526887
0.476025
0.905077
0.936202
0.573118
0.857525
0.574912
0.494578
0.909132
0.665139
0.895160
0.639336
0.619951
0.724103
0.358333
0.878311
0.145888
0.872901
0.832161
0.116360
0.227571
0.029807
0.677299
0.235641
0.963523
0.985206
0.257970
0.222423
0.868294
0.134574
0.651961
0.395180
0.610599
0.557038
0.331383
0.183717
0.414563
0.906294
0.678295
0.323696
0.571434
0.573455
0.963031
0.191384
0.297558
0.321364
0.069695
0.443445
0.194265
0.901856
0.559805
0.421836
0.931663
0.237104
0.657478
0.895186
0.222309
0.915447
0.117609
0.090603
0.050021
0.769569
0.485783
0.660620
0.326607
0.817166
0.844336
0.741171
0.723460
0.522631
0.064866
0.294894
0.096086
0.027898
0.486278
0.393644
0.349262
0.555973
0.837090
0.543527
0.457829
0.396895
0.965363
0.389492
0.633998
0.622841
0.284678
0.856308
0.538288
0.402287
0.946911
0.588310
0.171856
0.432694
0.248929
0.498463
0.249860
0.093266
0.239634
0.973320
0.615897
0.304500
0.268214
0.711983
0.332398
0.754492
0.105628
0.681659
0.310465
0.942717
0.225186
0.768294
0.339612
0.190550
0.157787
0.973610
0.813391
0.442465
0.829918
0.351679
0.844751
0.776829
0.939989
0.016608
0.209523
0.188918
0.515071
0.459383
0.282184
0.754705
0.432703
0.898081
0.059205
0.700917
0.610065
0.391602
0.455410
0.715692
0.073262
0.765875
0.658409
0.298448
0.534169
0.998021
0.488998
0.691956
0.971631
0.302389
0.134420
0.801549
0.654068
0.979172
0.578378
0.594057
0.995779
0.787901
0.782976
0.510850
0.247284
0.065160
0.265555
0.679987
0.963241
0.324760
0.380904
0.573306
0.716362
0.836314
0.288998
0.789624
0.602189
0.947407
0.088072
0.136358
0.945429
0.577070
0.828314
0.917060
0.879459
0.962735
0.718610
0.533528
0.941906
0.296988
0.127585
0.937686
0.084889
0.910561
0.448536
0.332172
0.975720
0.714091
0.012159
0.938961
0.038851
0.393063
0.512267
0.755213
0.229377
0.801265
0.544837
0.831566
0.748673
0.632909
0.967925
0.694101
0.209979
0.796239
0.611162
0.089438
0.758973
0.329771
0.622966
0.700880
0.626759
0.750551
0.638566
0.711648
0.661112
0.087102
0.043820
0.636832
0.801193
0.055979
0.575793
0.840044
0.449043
0.088061
0.595257
0.678420
0.889326
0.140093
0.509986
0.637998
0.773002
0.477911
0.332100
0.982981
0.274150
0.943262
0.072419
0.033123
0.273033
0.695385
0.734003
0.899792
0.445936
0.372569
0.611440
0.107048
0.459671
0.655260
0.743880
0.260864
0.711239
0.319673
0.100907
0.160281
0.407734
0.696164
0.838701
0.297060
0.836257
0.348688
0.935058
0.609259
0.826599
0.267158
0.592240
0.100749
0.210420
0.664660
0.133872
0.483453
0.360045
0.867875
0.383245
0.805982
0.240444
0.994685
0.913029
0.700115
0.649944
0.656909
0.960978
0.361183
0.976582
0.061886
0.521464
0.384316
0.758050
0.360166
0.681376
0.594307
0.708853
0.616434
0.203566
0.535452
0.883592
0.795807
0.636201
0.094011
0.460466
0.770073
0.577464
0.820511
0.637948
0.960709
0.626493
0.878392
0.955393
0.539522
0.578507
0.605338
0.196432
0.539485
0.966521
0.173014
0.601371
0.487985
0.557330
0.359420
0.848151
0.238706
0.953727
0.557004
0.855140
0.157293
0.092457
0.738732
0.953100
0.728658
0.832743
0.413566
0.498731
0.410207
0.234077
0.136679
0.370916
0.860570
0.015071
0.326310
0.400093
0.593578
0.931647
0.596524
0.133063
0.898168
0.769539
0.734433
0.386153
0.326869
0.093854
0.234304
0.565575
0.047581
0.791309
0.420715
0.204874
0.883765
0.159447
0.157973
0.612423
0.992190
0.571539
0.111154
0.402397
0.805617
0.247833
0.773313
0.666187
0.262905
0.099623
0.066280
0.856483
0.031270
0.662805
0.989545
0.929438
0.432343
0.723979
0.315591
0.759212
0.817832
0.549895
0.324787
0.865413
0.341204
0.745502
0.070287
0.224969
0.904949
0.228260
0.837393
0.897138
0.799800
0.948547
0.299536
0.605417
0.196381
0.072849
0.271604
0.459285
0.172471
0.337885
0.315768
0.203741
0.000689
0.305313
0.133179
0.433033
0.029292
0.448770
0.192245
0.847124
0.998665
0.517032
0.712537
0.339869
0.262534
0.782824
0.564839
0.167483
0.011085
0.402232
0.064621
0.810884
0.350779
0.364157
0.416301
0.547159
0.437005
0.687906
0.006444
0.609477
0.025790
0.322212
0.813218
0.026480
0.627525
0.946397
0.459512
0.656817
0.395167
0.651757
0.503941
0.393832
0.168789
0.216479
0.733702
0.431323
0.999303
0.298541
0.598806
0.010388
0.700772
0.663427
0.821272
0.051551
0.027583
0.237573
0.598711
0.464589
0.925479
0.605155
0.074065
0.951269
0.927367
0.887283
0.977749
0.554892
0.833680
0.437261
0.211709
0.228847
0.089018
0.715651
0.622679
0.257807
0.932129
0.356381
0.689130
0.931432
0.654921
0.287935
0.941820
0.355693
0.951362
0.763092
0.407245
0.978945
0.000665
0.005955
0.443534
0.926144
0.611110
0.517599
0.877413
0.538477
0.404882
0.855162
0.093370
0.238562
0.292423
0.305079
0.467408
0.381440
0.020729
0.090087
0.639247
0.952859
0.446468
0.328377
0.884291
0.101389
0.616312
0.826111
0.457082
0.567675
0.589202
0.864327
0.546620
0.589868
0.870282
0.990154
0.516012
0.481392
0.507753
0.393425
0.019870
0.912636
0.248587
0.113239
0.151197
0.541009
0.418318
0.618606
0.922450
0.439047
0.708693
0.561697
0.391906
0.155160
0.890074
0.276197
0.256549
0.506387
0.102307
0.713631
0.074061
0.691510
0.577958
0.620681
0.281377
0.448240
0.610835
0.797389
0.929633
0.118589
0.190814
0.949502
0.031224
0.439401
0.062742
0.182422
0.980410
0.481060
0.801027
0.902860
0.920107
0.509720
0.464557
0.312013
0.664880
0.354631
0.588210
0.921429
0.861018
0.690517
0.635060
0.935079
0.382026
0.213018
0.555760
0.663404
0.661258
0.166596
0.460793
0.590891
0.285184
0.651607
0.540393
0.316409
0.091008
0.603135
0.498830
0.071418
0.084195
0.299858
0.974278
0.004302
0.809577
0.438836
0.316315
0.474457
0.793467
0.904525
0.395886
0.654485
0.595042
0.030946
0.589564
0.977068
0.243964
0.145324
0.640472
0.905223
0.311920
0.101265
0.496114
0.597104
0.752871
0.036507
0.913513
0.843879
0.639643
0.412343
0.915298
0.723838
0.712201
0.889576
0.728140
0.521778
0.328412
0.044455
0.996236
0.121879
0.948980
0.392122
0.776364
0.544022
0.423068
0.365928
0.521090
0.667033
0.511252
0.161562
0.572256
0.823172
0.262827
0.068370
0.420276
0.015698
0.104877
0.333789
0.859578
0.744520
0.746133
0.774875
0.468357
0.458334
0.664451
0.196497
0.980112
0.992863
0.240952
0.976348
0.114742
0.189933
0.368470
0.891105
0.733955
0.791538
0.257033
0.255045
0.458571
0.768285
0.416607
0.030826
0.591457
0.679433
0.099196
0.011733
0.695132
0.204073
0.345522
0.554709
0.948593
0.091654
0.329584
0.416950
0.549988
0.994035
0.613447
0.530100
0.986898
0.854400
0.506448
0.101640
0.044332
0.874917
0.992745
0.778287
0.666455
0.249778
0.033332
0.125026
0.018063
0.449938
0.155852
0.609520
0.129372
0.255047
0.621253
0.824503
0.459120
0.966775
0.379212
0.407713
0.058429
0.708797
0.824663
0.608417
0.702832
0.438110
0.138517
0.689730
0.292510
0.644965
0.791370
0.336842
0.519882
0.784115
0.115129
0.186337
0.033893
0.148461
0.311363
0.051956
0.598399
0.467215
0.661476
0.727771
0.722262
0.282729
0.552274
0.181382
0.249504
0.931486
0.589095
0.307933
0.640283
0.413757
0.916350
0.343115
0.851867
0.054867
0.032845
0.144377
0.699832
0.824215
0.481219
0.219714
0.608330
0.596348
0.406052
0.642223
0.744809
0.717415
0.694179
0.343208
0.184629
0.355656
0.070978
0.906891
0.638385
0.623252
0.088273
0.887889
0.554738
0.677368
0.195822
0.195021
0.091126
0.112173
0.538136
0.942993
0.167040
0.570981
0.087370
0.866872
0.395196
0.568589
0.086587
0.003526
0.164938
0.492638
0.645748
0.909747
0.210053
0.339927
0.252954
0.394682
0.695583
0.323932
0.301573
0.333968
0.947185
0.389847
0.221857
0.501923
0.067215
0.417679
0.696945
0.158341
0.529852
0.235081
0.101334
0.696892
0.806062
0.188704
0.563764
0.201259
0.757293
0.650351
0.204784
0.922231
0.142990
0.850533
0.831978
0.353043
0.190460
0.084932
0.747725
0.886043
0.408864
0.049298
0.220011
0.356049
0.439145
0.441868
0.857972
0.506360
0.859547
0.554916
0.664701
0.389399
0.789997
0.766034
0.086291
0.596060
0.954738
0.650055
0.797318
0.712032
0.300406
0.002102
0.634263
0.443396
0.852635
0.466240
0.796438
0.043095
0.551172
0.544163
0.929138
0.960036
0.593461
0.149150
0.316085
0.032606
0.591018
0.174056
0.538966
0.450565
0.728973
0.203667
0.839964
0.518970
0.969701
0.926255
0.115029
0.924439
0.576310
0.912347
0.636471
0.876716
0.914450
0.270734
0.320112
0.767085
0.736974
0.116551
0.810180
0.288146
0.660714
0.739318
0.248182
0.254175
0.888468
0.564267
0.286782
0.479486
0.738323
0.825748
0.930050
0.467296
0.029414
0.770014
0.986265
0.999116
0.696269
0.101295
0.923555
0.272579
0.013642
0.560026
0.149296
0.928092
0.830760
0.469408
0.695177
0.567734
0.585959
0.505356
0.855879
0.246673
0.244675
0.104061
0.500848
0.133143
0.668328
0.787630
0.612628
0.406651
0.613377
0.542679
0.873946
0.642792
0.312693
0.860212
0.641907
0.008962
0.961507
0.565462
0.281541
0.975149
0.125488
0.430837
0.903241
0.956248
0.900245
0.598417
0.523982
0.486204
0.103774
0.379861
0.732877
0.348449
0.483922
0.233726
0.481591
0.152250
0.021355
0.094220
0.558901
0.634733
0.636898
0.432847
0.277525
0.949591
0.293059
0.919432
0.958554
0.254565
0.484895
0.240095
0.229714
0.610383
0.670932
0.132955
0.566631
0.571178
0.731372
0.090613
0.057382
0.835146
0.470474
0.790259
0.183594
0.954397
0.023985
0.665185
0.106647
0.045340
0.759405
0.665547
0.680073
0.396303
0.098394
0.957598
0.345895
0.391453
0.877030
0.304448
0.646018
0.361924
0.544543
0.875733
0.972308
0.215476
0.008687
0.538939
0.786653
0.740059
0.629552
0.844035
0.575205
0.100027
0.634294
0.758799
0.054423
0.658279
0.423984
0.161070
0.703618
0.183389
0.826617
0.383691
0.579692
0.925012
0.341289
0.925587
0.316465
0.218319
0.230035
0.962483
0.580243
0.774579
0.838216
0.552551
0.990055
0.846903
0.091490
0.776708
0.586962
0.721042
0.620743
0.162167
0.821068
0.255037
0.920966
0.875492
0.913316
0.344950
0.036561
0.616934
0.528339
0.863179
0.000625
0.108031
0.788190
0.341914
0.033618
0.104655
0.560233
0.263653
0.067138
0.140476
0.038232
0.905354
0.693027
0.028287
0.752257
0.784516
0.804995
0.339219
0.505558
0.425738
0.501386
0.326627
0.680775
0.422351
0.202118
0.594090
0.767301
0.238680
0.211024
0.295639
0.101859
0.211650
0.403670
0.890049
0.553564
0.437288
0.994704
0.113797
0.700942
0.061842
0.254273
0.739174
0.967196
0.947299
0.767461
0.719452
0.731816
0.572456
0.058671
0.237374
0.998194
0.560057
0.564001
0.678968
0.982408
0.766119
0.273059
0.749709
0.004799
0.484083
0.045349
0.106658
0.695733
0.449019
0.996706
0.249297
0.886307
0.991410
0.363093
0.587249
0.053252
0.617366
0.326423
0.020447
0.564665
0.093884
0.739900
0.296481
0.666340
0.798571
0.533855
0.664533
0.358628
0.097855
0.343502
0.341037
0.863974
0.616560
0.090746
0.868773
0.100643
0.136095
0.975431
0.796376
0.585114
0.972137
0.045673
0.471421
0.963547
0.408767
0.058671
0.016799
0.026133
0.385094
0.037246
0.590798
0.478978
0.777146
0.887278
0.145318
0.575717
0.421133
0.809851
0.934345
0.518988
0.153353
0.275381
0.382963
0.769913
0.366127
0.251736
0.870557
0.502222
0.227167
0.666933
0.087335
0.199305
0.712606
0.558757
0.162852
0.121373
0.617427
0.179651
0.147505
0.002521
0.216897
0.738303
0.481499
0.994043
0.625582
0.626817
0.569759
0.046715
0.436668
0.504104
0.565703
0.590021
0.779485
0.948666
0.359934
0.145612
0.200402
0.230491
0.647833
0.427569
0.897424
0.735169
0.626874
0.610030
0.293926
0.789726
0.731403
0.911353
0.969377
0.878909
0.913874
0.186273
0.617212
0.395373
0.180316
0.242794
0.022190
0.750075
0.289508
0.458857
0.254179
0.855211
0.048878
0.033663
0.803877
0.408812
0.179275
0.004279
0.639303
0.827108
0.431848
0.536727
0.562277
0.058722
0.146757
0.856202
0.848448
0.878160
0.767555
0.817824
0.757069
0.681429
0.004098
0.374281
0.076802
0.184414
0.617074
0.098992
0.934489
0.906582
0.557849
0.188668
0.761794
0.606727
0.222331
0.565671
0.015539
0.401606
0.569950
0.654842
0.228714
0.001798
0.191569
0.790991
0.060520
0.338326
0.647193
0.908968
0.216487
0.414749
0.726792
0.973555
0.096178
0.730890
0.347836
0.172980
0.915304
0.964910
0.271972
0.849793
0.871492
0.829821
0.038460
0.633286
0.436548
0.260791
0.198957
0.452087
0.662397
0.768906
0.106930
0.891112
0.770704
0.298499
0.682103
0.831225
0.636825
0.329296
0.740192
0.853312
0.744045
0.466984
0.826867
0.840223
0.197874
0.174703
0.013203
0.113178
0.139613
0.285175
0.962971
0.011105
0.114995
0.001431
0.644391
0.551543
0.262222
0.843347
0.003631
0.924620
0.612254
0.110561
0.815732
0.382958
0.409060
0.497834
0.214183
0.045885
0.827131
0.954375
0.899197
0.571176
0.421360
0.726064
0.411398
0.619234
0.900767
0.424601
0.732412
0.040380
0.709776
0.695383
0.051485
0.824771
0.696813
0.695876
0.376315
0.959036
0.539223
0.379946
0.883656
0.151477
0.490506
0.699387
0.534435
0.899566
0.197221
0.748618
0.945451
0.024352
0.702994
0.844648
0.595528
0.124353
0.570712
0.006926
0.743587
0.471478
0.431527
0.476000
0.511858
0.141303
0.171382
0.563343
0.966074
0.868196
0.259219
0.342389
0.827231
0.798442
0.722335
0.710887
0.949919
0.212841
0.410274
0.484354
0.112407
0.607495
0.232973
0.057858
0.631847
0.935966
0.902505
0.227375
0.060320
0.473217
0.234301
0.803907
0.944695
0.665828
0.279907
0.456554
0.807132
0.451289
0.019897
0.773206
0.319484
0.279116
0.115595
0.146716
0.077557
0.837930
0.857603
0.027476
0.050771
0.267877
0.511831
0.163178
0.875372
0.744803
0.221036
0.507220
0.680769
0.123541
0.734595
0.741089
0.596758
0.968896
0.544996
0.541454
0.634724
0.824902
0.998007
0.441856
0.276191
0.017904
0.215061
0.595676
0.297020
0.330657
0.742392
0.374577
0.168587
0.599994
0.402053
0.219358
0.867871
0.913884
0.382536
0.743243
0.658687
0.603572
0.250463
0.339457
0.727114
0.985058
0.080545
0.323872
0.953953
0.625541
0.865326
0.588677
0.450444
0.863333
0.030533
0.726635
0.881237
0.245594
0.322311
0.178257
0.576251
0.064702
0.552834
0.744838
0.664697
0.954888
0.964195
0.532568
0.868772
0.346731
0.275811
0.527459
0.950304
0.526274
0.866916
0.677417
0.511332
0.947461
0.001289
0.465285
0.573002
0.866615
0.053962
0.023446
0.729948
0.084495
0.750081
0.611185
0.330089
0.072392
0.789442
0.906340
0.137094
0.342276
0.651178
0.801791
0.297164
0.615373
0.334359
0.165936
0.962105
0.610170
0.693395
0.912408
0.136444
0.560311
0.589825
0.647776
0.507772
0.591114
0.113061
0.080774
0.457729
0.167023
0.104221
0.187677
0.251518
0.854302
0.798862
0.581607
0.926694
0.588305
0.487947
0.063788
0.930581
0.139125
0.865579
0.227745
0.754498
0.199938
0.393681
0.716603
0.810108
0.087076
0.629011
0.946552
0.647387
0.218837
0.594328
0.155159
0.809951
0.707389
0.235933
0.267680
0.874412
0.340153
0.455357
0.125930
0.194455
0.254220
0.707537
0.121149
0.842525
0.195485
0.184937
0.773106
0.334610
0.050517
0.000851
0.089108
0.250455
0.394532
0.805711
0.060563
0.481609
0.434722
0.007115
0.128995
0.653559
0.601443
0.284154
0.463510
0.308832
0.520087
0.731190
0.183244
0.860240
0.186548
0.309174
0.054695
0.440767
0.016711
0.175844
0.283292
0.212196
0.360781
0.056398
0.546806
0.411298
0.057249
0.635913
0.661753
0.451781
0.441624
0.722316
0.933390
0.876347
0.729431
0.062385
0.529905
0.330874
0.346539
0.993415
0.639707
0.866625
0.724606
0.822951
0.726865
0.911153
0.132125
0.781560
0.351921
0.148836
0.957404
0.635213
0.361032
0.318185
0.691611
0.907838
0.729484
0.748859
0.543751
0.391236
0.200641
0.985376
0.113552
0.134030
0.861722
0.842983
0.196415
0.391628
0.173858
0.542954
0.385043
0.813564
0.409580
0.109649
0.636515
0.136445
0.020802
0.768640
0.918005
0.372723
0.917476
0.875409
0.007936
0.278508
0.193594
0.699546
0.186346
0.923078
0.448406
0.730097
0.314314
0.649046
0.715473
0.427867
0.783077
0.577195
0.270850
0.979492
0.968823
0.444708
0.522447
0.353866
0.258272
0.932026
0.463514
0.894787
0.068471
0.484316
0.663426
0.986476
0.857039
0.580903
0.861885
0.864975
0.859411
0.055479
0.564521
0.045757
0.978557
0.012927
0.775854
0.292871
0.661973
0.491327
0.720738
0.445049
0.068522
0.991588
0.424542
0.037344
0.436296
0.946988
0.391210
0.694567
0.879014
0.854724
0.589354
0.947485
0.339041
0.252780
0.933961
0.196080
0.833683
0.795846
0.061055
0.693094
0.851326
0.625575
0.738851
0.829883
0.638502
0.514705
0.122754
0.300475
0.006031
0.843492
0.745524
0.074553
0.835080
0.170066
0.111897
0.271376
0.117054
0.503107
0.965943
0.996068
0.357831
0.555297
0.943554
0.696872
0.808078
0.877515
0.892951
0.641761
0.673362
0.954006
0.334855
0.524687
0.579581
0.073705
0.354570
0.218083
0.588410
0.477325
0.518558
0.594441
0.320817
0.264082
0.668994
0.155897
0.434148
0.780892
0.427273
0.551202
0.283999
0.393217
0.547271
0.641830
0.948514
0.490824
0.338702
0.756592
0.368340
0.231653
0.398353
0.041701
0.185659
0.733208
0.566389
0.765240
0.806913
0.920959
0.983324
0.395323
0.398284
0.501882
0.989764
0.719101
0.765964
0.658758
0.874998
0.200113
0.439650
0.302272
0.751315
0.723648
0.695488
0.298585
0.365478
0.644003
0.789410
0.704180
0.400595
0.157750
0.935833
0.798948
0.199451
0.121492
0.532155
0.765840
0.886732
0.339068
0.686799
0.870056
0.734391
0.085083
0.371938
0.724155
0.804184
0.137902
0.382914
0.679182
0.338015
0.822564
0.981453
0.089330
0.546212
0.676942
0.387915
0.911690
0.320945
0.177325
0.615870
0.721539
0.335075
0.551703
0.520487
0.534526
0.673195
0.052642
0.300366
0.559927
0.391711
0.987165
0.429983
0.126102
0.072248
0.801921
0.850257
0.876431
0.939823
0.233171
0.555613
0.277838
0.055735
0.537066
0.367168
0.601947
0.214008
0.755083
0.513637
0.534953
0.932408
0.129508
0.256492
0.267483
0.681210
0.776979
0.802008
0.354405
0.829621
0.102374
0.914332
0.221332
0.089539
0.344315
0.347434
0.161787
0.146235
0.197691
0.038218
0.086058
0.430862
0.593831
0.363896
0.486597
0.130897
0.731063
0.088543
0.344906
0.486146
0.602181
0.879858
0.418554
0.731688
0.136351
0.686037
0.412899
0.913330
0.488045
0.767304
0.742951
0.590419
0.681636
0.964283
0.679958
0.025950
0.311717
0.841745
0.172185
0.509408
0.879963
0.258243
0.940270
0.473793
0.622139
0.426866
0.604691
0.353202
0.515410
0.949596
0.839348
0.117590
0.829455
0.257902
0.849279
0.965805
0.943939
0.262177
0.879135
0.431984
0.029481
0.622086
0.022404
0.711117
0.586369
0.702362
0.737067
0.898085
0.544107
0.909252
0.407493
0.424069
0.167496
0.347763
0.897863
0.789635
0.774629
0.502553
0.142837
0.290038
0.452150
0.982185
0.407629
0.281604
0.240088
0.256907
0.247410
0.184027
0.519085
0.126544
0.616011
0.548566
0.748630
0.638414
0.259683
0.334999
0.340776
0.996750
0.233084
0.884883
0.906003
0.640577
0.308952
0.073499
0.988340
0.206815
0.863133
0.762968
0.709368
0.005970
0.053007
0.161518
0.988156
0.460635
0.443123
0.228243
0.717543
0.690532
0.412270
0.236628
0.817077
0.028281
0.785194
0.565707
0.666695
0.044877
0.900706
0.007471
0.041627
0.133790
0.892354
0.947630
0.774367
0.201306
0.021128
0.762707
0.408121
0.884261
0.525675
0.117489
0.890232
0.578682
0.279007
0.878387
0.039317
0.722129
0.106631
0.756860
0.412662
0.518900
0.993488
0.229738
0.547181
0.778681
0.795445
0.213876
0.823558
0.696151
0.221347
0.865185
0.829941
0.113701
0.812814
0.604308
0.315006
0.833942
0.367015
0.723127
0.718204
0.892690
0.840616
0.608436
0.471372
0.119623
0.486823
0.510690
0.841752
0.593454
0.267550
0.254414
0.112354
0.261038
0.484152
0.659535
0.039719
0.279597
0.873411
0.863277
0.975749
0.094758
0.728461
0.805690
0.208459
0.541276
0.409998
0.523465
0.375218
0.777013
0.246592
0.093422
0.669704
0.087208
0.701858
0.141076
0.206830
0.188681
0.651766
0.048582
0.782134
0.919316
0.302996
0.894488
0.180353
0.787148
0.554023
0.220072
0.066746
0.427434
0.083349
0.042494
0.522192
0.811810
0.848184
0.730651
0.353086
0.258182
0.254116
0.728304
0.035195
0.500708
0.821726
0.704899
0.587915
0.523584
0.845975
0.794745
0.712265
0.497741
0.843328
0.494399
0.417056
0.146324
0.388887
0.597410
0.933472
0.942910
0.817482
0.000218
0.370345
0.900831
0.042712
0.892537
0.712641
0.890896
0.623188
0.065727
0.149078
0.877303
0.794031
0.184273
0.378011
0.615757
0.889172
0.965926
0.139341
0.735147
0.760672
0.851605
0.232888
0.603999
0.346004
0.649944
0.750323
0.734891
0.247354
0.683795
0.677801
0.064836
0.684013
0.048146
0.965667
0.726725
0.940683
0.678307
0.617621
0.563870
0.744034
0.766700
0.441174
0.538065
0.950973
0.819185
0.153821
0.840145
0.785111
0.293162
0.575293
0.545783
0.144767
0.808180
0.149782
0.490771
0.458125
0.900105
0.225662
0.705479
0.583901
0.903463
0.770315
0.267914
0.951608
0.735981
0.994639
0.892291
0.414289
0.612261
0.456161
0.158323
0.378960
0.897335
0.696388
0.329933
0.716520
0.850209
0.170079
0.501631
0.143371
0.745371
0.047413
0.288139
0.553552
0.197195
0.778910
0.011676
0.097301
0.004571
0.717155
0.681202
0.908034
0.487470
0.949116
0.859643
0.223451
0.943755
0.751934
0.637740
0.556016
0.208095
0.796063
0.934976
0.105430
0.492451
0.264909
0.821949
0.342660
0.434988
0.323580
0.486031
0.180359
0.370993
0.774170
0.733911
0.568188
0.553080
0.745587
0.665489
0.557651
0.462742
0.346691
0.465685
0.950211
0.295807
0.325328
0.173663
0.239562
0.077261
0.811403
0.795578
0.285356
0.607466
0.730554
0.390786
0.099916
0.995463
0.212735
0.442576
0.430451
0.536315
0.928608
0.610810
0.907308
0.702778
0.344721
0.475497
0.255857
0.090308
0.140986
0.813508
0.553050
0.487677
0.279193
0.503261
0.783484
0.604521
0.676924
0.023046
0.681783
0.488326
0.818624
0.967139
0.095792
0.549178
0.357925
0.195708
0.544641
0.570660
0.638285
0.975092
0.106976
0.566892
0.585902
0.014284
0.269670
0.930623
0.489781
0.525528
0.020931
0.630767
0.339036
0.573981
0.118445
0.618229
0.077242
0.901929
0.222750
0.754166
0.924975
0.904533
0.242492
0.743599
0.871672
0.338284
0.292776
0.229597
0.533992
0.837417
0.800257
0.172277
0.812509
0.907233
0.739169
0.398411
0.921517
0.008839
0.329034
0.411298
0.534367
0.349965
0.042065
0.873403
0.923946
0.160509
0.491632
0.001188
0.062438
0.714382
0.755354
0.987413
0.618915
0.997846
0.731012
0.490587
0.336130
0.023788
0.720183
0.870122
0.861206
0.520440
0.042399
0.673715
0.427673
0.781568
0.072126
0.349189
0.790407
0.401160
0.760487
0.324774
0.751125
0.802552
0.198177
0.675070
0.963061
0.689809
0.676258
0.025499
0.404191
0.431612
0.012912
0.023106
0.429458
0.743924
0.513692
0.765588
0.767713
0.233876
0.635710
0.628918
0.754316
0.678108
0.302633
0.181988
0.459676
0.374758
0.531178
0.250083
0.775918
0.291665
0.574857
0.527042
0.094217
0.773034
0.202113
0.057278
0.462843
0.878371
0.082777
0.867034
0.309983
0.095690
0.890140
0.739441
0.839614
0.403832
0.505029
0.607327
0.637707
0.140739
0.236245
0.392023
0.818847
0.538878
0.574012
0.278523
0.913636
0.105190
0.528606
0.689554
0.396854
0.103463
0.216596
0.491071
0.876497
0.418709
0.548349
0.339340
0.297080
0.631127
0.206374
0.607064
0.726817
0.096513
0.346505
0.566431
0.500345
0.851535
0.173757
0.138053
0.992273
0.410002
0.530076
0.811120
0.948880
0.104088
0.089643
0.862516
0.209277
0.618249
0.552070
0.606132
0.721713
0.768666
0.097203
0.598210
0.187375
0.645552
0.937550
0.484455
0.276679
0.143924
0.091519
0.003495
0.240437
0.438025
0.569926
0.740782
0.289559
0.743684
0.878835
0.281833
0.153686
0.408910
0.092953
0.102566
0.512998
0.182596
0.965082
0.722275
0.800846
0.517152
0.328407
0.522558
0.285817
0.425609
0.120768
0.473192
0.071161
0.058318
0.957648
0.347840
0.202241
0.049167
0.351336
0.442678
0.487191
0.921262
0.183460
0.776750
0.664946
0.062295
0.058583
0.818632
0.471205
0.151536
0.921198
0.984203
0.334132
0.886280
0.706478
0.134978
0.403432
0.034885
0.657537
0.689249
0.460494
0.778305
0.162441
0.531656
0.836623
0.120089
0.879496
0.038864
0.169255
0.230831
0.481542
0.656447
0.152093
0.665003
0.433197
0.817039
0.727297
0.491780
0.635670
0.198503
0.643316
0.556868
0.182706
0.977449
0.443148
0.889184
0.112427
0.846580
0.924069
0.769964
0.535829
0.384563
0.548269
0.698270
0.916219
0.384891
0.818358
0.795714
0.423755
0.987614
0.026546
0.905298
0.644061
0.178639
0.570301
0.077258
0.995678
0.297598
0.569038
0.631348
0.496101
0.212354
0.188217
0.678806
0.189803
0.631365
0.567991
0.302230
0.477944
0.492059
0.072194
0.013773
0.876623
0.620462
0.712043
0.792841
0.005354
0.530401
0.588555
0.429109
0.518015
0.615101
0.334407
0.162076
0.793740
0.904708
0.239333
0.789418
0.202306
0.808372
0.420766
0.698406
0.020726
0.608983
0.377213
0.210529
0.240348
0.945204
0.512759
0.718292
0.437263
0.584953
0.732065
0.313886
0.205416
0.444107
0.106727
0.210770
0.974508
0.695282
0.639879
0.492523
0.310383
0.974286
0.654599
0.104124
0.878994
0.893932
0.893542
0.081300
0.702304
0.314308
0.779706
0.723030
0.923291
0.156919
0.933559
0.163639
0.102123
0.446318
0.881930
0.539386
0.031272
0.613995
0.853271
0.236688
0.058102
0.959998
0.447457
0.032610
0.655280
0.087336
0.525133
0.965664
0.061623
0.179732
0.069787
0.940617
0.073664
0.963329
0.021916
0.775968
0.277637
0.801623
0.498997
0.200928
0.958542
0.432556
0.364567
0.060665
0.878874
0.246498
0.600051
0.910146
0.860493
0.453322
0.146834
0.918595
0.413320
0.594291
0.951205
0.068601
0.681628
0.476339
0.034264
0.743250
0.656071
0.104052
0.683867
0.729735
0.067381
0.705783
0.505702
0.345018
0.507406
0.004700
0.545947
0.465948
0.437256
0.910514
0.526613
0.316130
0.157012
0.126663
0.226277
0.017504
0.579986
0.373111
0.936099
0.993306
0.967402
0.887305
0.061907
0.649030
0.363643
0.096171
0.392280
0.019714
0.200223
0.076146
0.749448
0.267604
0.781930
0.255151
0.612622
0.289335
0.259850
0.158569
0.755283
0.697106
0.069083
0.281896
0.013237
0.226094
0.408559
0.239514
0.243599
0.988545
0.612624
0.179698
0.981851
0.580026
0.067003
0.043758
0.229055
0.430646
0.139930
0.621335
0.450359
0.340153
0.697482
0.199808
0.607757
0.479411
0.454958
0.220379
0.768747
0.714809
0.378948
0.524030
0.411915
0.448030
0.805926
0.425152
0.674125
0.214485
0.664666
0.917723
0.203030
0.277290
0.097421
0.184881
0.857316
0.164424
0.228640
0.086371
0.595070
0.368569
0.707706
0.045429
0.708722
0.405188
0.245237
0.316479
0.884599
0.700195
0.536858
0.653345
0.415004
0.915806
0.177375
0.826919
0.363836
0.983301
0.252071
0.037961
0.197786
0.916736
0.955684
0.400816
0.194026
0.053106
0.585697
0.051341
0.217530
0.814337
0.137712
0.812599
0.182906
0.845418
0.858028
0.891628
0.250606
0.103265
0.208107
0.135205
0.803460
0.744965
0.788550
0.218463
0.660770
0.965925
0.045382
0.024606
0.949226
0.297453
0.062567
0.147012
0.214189
0.018251
0.547827
0.408215
0.071357
0.133524
0.459556
0.288887
0.947861
0.597268
0.101486
0.130767
0.442687
0.959514
0.022395
0.693293
0.062779
0.230502
0.828498
0.866238
0.975466
0.617048
0.084702
0.636236
0.582973
0.130083
0.660843
0.532199
0.427536
0.723410
0.679211
0.641725
0.741661
0.227038
0.049940
0.813018
0.360563
0.509496
0.101905
0.308423
0.106764
0.203391
0.439190
0.549451
0.162905
0.461585
0.242744
0.225683
0.692086
0.071242
0.091922
0.667553
0.688290
0.176623
0.303789
0.271263
0.306707
0.964632
0.803462
0.734243
0.688042
0.482673
0.375968
0.429703
0.709711
0.425908
0.242721
0.070274
0.935404
0.344625
0.378698
0.042168
0.548016
0.817888
0.591619
0.710921
0.279473
0.834363
0.936604
0.971559
0.905605
0.028526
0.639112
0.593895
0.205149
0.942901
0.865158
0.511856
0.907532
0.668620
0.246099
0.595574
0.151293
0.622067
0.025277
0.861005
0.047975
0.267998
0.931279
0.983378
0.612623
0.309976
0.025546
0.160639
0.127864
0.617166
0.871560
0.407337
0.451529
0.808164
0.378896
0.357134
0.836689
0.018008
0.951029
0.041838
0.960908
0.816186
0.553694
0.868441
0.484806
0.799793
0.464015
0.636099
0.421860
0.489292
0.497104
0.469834
0.757289
0.428382
0.453213
0.369912
0.738359
0.478759
0.530552
0.866223
0.095925
0.402111
0.273560
0.547454
0.210275
0.652455
0.904588
0.046964
0.670463
0.855616
0.088802
0.631371
0.671802
0.642497
0.499812
0.156609
0.442290
0.963827
0.792708
0.864149
0.453119
0.289812
0.333984
0.210408
0.718194
0.787197
0.580321
0.456553
0.265956
0.110872
0.322776
0.361880
0.512983
0.596335
0.909334
0.723258
0.248791
0.813922
0.770222
0.919254
0.669538
0.859025
0.550625
0.341340
0.501521
0.050437
0.497949
0.943811
0.014264
0.290657
0.807960
0.467383
0.580468
0.141944
0.677792
0.298662
0.929141
0.258112
0.755215
0.195096
0.368985
0.077991
0.556977
0.881968
0.674326
0.466311
0.605226
0.923117
0.280233
0.375449
0.842370
0.949770
0.234473
0.392995
0.291111
0.735995
0.443433
0.789060
0.679805
0.457697
0.079717
0.487766
0.925080
0.660185
0.629710
0.602872
0.958847
0.558851
0.860985
0.714063
0.753947
0.229969
0.792053
0.310924
0.111938
0.466379
0.777235
0.717164
0.389496
0.057467
0.092613
0.231866
0.007238
0.327086
0.624861
0.298349
0.063080
0.068294
0.087408
0.742886
0.525991
0.167125
0.230652
0.451071
0.827310
0.860362
0.053943
0.786157
0.419212
0.914928
0.500220
0.173159
0.144897
0.292274
0.484083
0.256835
0.758653
0.261318
0.973999
0.148149
0.318785
0.066612
0.380015
0.326023
0.393698
0.004876
0.624372
0.456778
0.073170
0.711780
0.199664
0.599161
0.878905
0.430315
0.050232
0.706215
0.290677
0.104176
0.492373
0.709889
0.019104
0.992593
0.883049
0.164001
0.284867
0.367132
0.420836
0.043519
0.628451
0.394835
0.191668
0.947236
0.461447
0.571683
0.273259
0.855145
0.576559
0.897631
0.311922
0.649729
0.609411
0.511586
0.248890
0.488317
0.941902
0.299123
0.194532
0.232579
0.403299
0.686905
0.942468
0.422402
0.679498
0.825517
0.586404
0.964364
0.192650
0.007240
0.007884
0.821100
0.402075
0.199552
0.768336
0.863522
0.771235
0.041596
0.718667
0.347795
0.939227
0.030589
0.997524
0.548638
0.542176
0.246414
0.036955
0.484078
0.545537
0.231487
0.716657
0.948836
0.918392
0.659125
0.371238
0.597890
0.484642
0.957642
0.562254
0.677292
0.964882
0.570138
0.498392
0.366958
0.769691
0.266729
0.230480
0.540926
0.308324
0.949147
0.888721
0.247551
0.979737
0.886245
0.796189
0.521912
0.132659
0.833145
0.005990
0.678196
0.064632
0.722646
0.627032
0.983024
0.381771
0.998270
0.580914
0.866414
0.955912
0.143168
0.543706
0.920795
0.713306
0.042098
0.287752
0.482997
0.308827
0.518232
0.023923
0.617151
0.467380
0.912644
0.864702
0.447116
0.798888
0.660892
0.969028
0.931548
0.494036
0.975018
0.609744
0.558668
0.697665
0.236776
0.541692
0.079436
0.235047
0.122606
0.945850
0.190959
0.265774
0.489556
0.111754
0.979080
0.531654
0.399506
0.462077
0.840481
0.917739
0.486000
0.457632
0.385118
0.398644
0.322334
0.832234
0.197532
0.983226
0.801263
0.129079
0.477263
0.776281
0.738823
0.035931
0.473946
0.975600
0.577623
0.553382
0.210647
0.700229
0.499232
0.401606
0.966002
0.988787
0.513360
0.945083
0.520441
0.912866
0.407160
0.360921
0.830605
0.893160
0.818553
0.215723
0.291803
0.140888
0.047957
0.489335
0.124114
0.849220
0.618415
0.601377
0.625501
0.357238
0.637308
0.099447
0.332838
0.214931
0.652829
0.543484
0.915159
0.152060
0.945090
0.881162
0.140847
0.458450
0.826244
0.661288
0.371316
0.233404
0.022209
0.201921
0.126564
0.840763
0.417644
0.418367
0.981650
0.465601
0.907702
0.105764
0.314821
0.526117
0.707141
0.940322
0.883355
0.344449
0.039769
0.216192
0.559379
0.692598
0.759677
0.474538
0.844658
0.704767
0.355700
0.985505
0.163217
0.181944
0.646793
0.534532
0.415348
0.669003
0.736453
0.541911
0.509765
0.154097
0.960278
0.491416
0.619698
0.867980
0.597180
0.934519
0.394097
0.304321
0.874841
0.277451
0.648770
0.914611
0.493644
0.208149
0.607209
0.253321
0.682687
0.451867
0.958087
0.038387
0.437372
0.121304
0.220331
0.084165
0.655837
0.635679
0.753167
0.392289
0.177591
0.262933
0.546386
0.137869
0.754348
0.166084
0.005849
0.351528
0.100602
0.399946
0.655849
0.975444
0.677398
0.304618
0.890054
0.171042
0.512767
0.497263
0.424362
0.195455
0.949129
0.382449
0.233842
0.386501
0.503754
0.454173
0.470666
0.159590
0.089853
0.223833
0.551880
0.267443
0.486766
0.098266
0.405312
0.241114
0.264349
0.411162
0.592642
0.364952
0.811108
0.248490
0.340395
0.488506
0.553109
0.230450
0.659547
0.065876
0.727713
0.083909
0.261331
0.676842
0.466359
0.495173
0.063343
0.970112
0.949346
0.534009
0.129702
0.039199
0.757842
0.681582
0.306643
0.244608
0.779847
0.711955
0.485722
0.044197
0.123117
0.078363
0.409148
0.934225
0.326854
0.749543
0.422731
0.879963
0.979993
0.082278
0.945839
0.707706
0.166188
0.207170
0.384548
0.632547
0.702343
0.447891
0.602659
0.651689
0.981900
0.732361
0.690889
0.739743
0.413943
0.997531
0.984351
0.193791
0.709486
0.470072
0.237987
0.832603
0.548436
0.647136
0.766828
0.875290
0.396679
0.189559
0.755252
0.376672
0.271837
0.701091
0.084378
0.438025
0.908261
0.468926
0.070572
0.610604
0.916818
0.673231
0.262294
0.898718
0.405592
0.953182
0.638461
0.819536
0.950713
0.622812
0.013327
0.660199
0.092884
0.251314
0.492803
0.641320
0.898450
0.259631
0.516609
0.295129
0.449190
0.271862
0.671801
0.721027
0.972953
0.756179
0.159052
0.881214
0.225106
0.229624
0.491818
0.141923
0.902855
0.754112
0.040642
0.308447
0.707294
0.679102
0.127983
0.658007
0.301914
0.141310
0.318207
0.394798
0.392624
0.811009
0.036117
0.291073
0.070640
0.552727
0.586202
0.519830
0.824588
0.258003
0.240857
0.797541
0.014183
0.399909
0.678755
0.239289
0.629533
0.170574
0.381212
0.532388
0.924686
0.421854
0.840836
0.631980
0.100956
0.968819
0.289987
0.402870
0.110129
0.608194
0.797668
0.502752
0.419204
0.833785
0.793826
0.489844
0.386512
0.380028
0.009674
0.211100
0.638032
0.250531
0.008641
0.652214
0.650440
0.687397
0.891503
0.279973
0.857970
0.272715
0.812362
0.782656
0.694569
0.653198
0.414636
0.795525
0.622016
0.704624
0.198394
0.732145
0.312818
0.996062
0.234897
0.732022
0.829847
0.028723
0.221865
0.216359
0.408751
0.231539
0.427459
0.046783
0.482070
0.436100
0.698997
0.132510
0.123497
0.590500
0.412483
0.981468
0.863216
0.224845
0.764124
0.557784
0.878042
0.178760
0.353309
0.500059
0.883384
0.551703
0.232204
0.196202
0.547765
0.467101
0.928223
0.377613
0.495825
0.150089
0.593972
0.904576
0.381628
0.021431
0.951359
0.863698
0.457531
0.650356
0.996207
0.581028
0.240857
0.408690
0.562496
0.104072
0.633535
0.326620
0.661857
0.511577
0.505380
0.015165
0.011636
0.388763
0.566869
0.243840
0.584965
0.114634
0.710941
0.513188
0.492247
0.206765
0.663277
0.086218
0.111341
0.044905
0.107649
0.062700
0.908603
0.565181
0.713057
0.904810
0.146209
0.953914
0.313500
0.708705
0.057986
0.947034
0.035325
0.719843
0.458611
0.540705
0.735008
0.470247
0.929468
0.301877
0.714087
0.514433
0.416511
0.425027
0.027621
0.908757
0.631793
0.690898
0.994976
0.743134
0.735803
0.102625
0.805834
0.644406
0.667806
0.518891
0.549216
0.814015
0.472805
0.862715
0.522720
0.530791
0.809750
0.558045
0.250634
0.268361
0.098750
0.985642
0.738608
0.028217
0.287518
0.452695
0.542650
0.704029
0.877722
0.570272
0.612787
0.509515
0.261170
0.607762
0.252649
0.996973
0.710388
0.058483
0.641379
0.378194
0.577374
0.190595
0.192209
0.050179
0.053310
0.714929
0.580970
0.863060
0.272974
0.831603
0.131421
0.371723
0.817245
0.870029
0.399941
0.104763
0.322723
0.942591
0.808793
0.200446
0.512863
0.421579
0.709960
0.774032
0.029342
0.962609
0.771006
0.739729
0.021092
0.412385
0.117923
0.598466
0.602980
0.310131
0.648645
0.656290
0.025060
0.229615
0.519350
0.298034
0.061218
0.650770
0.669757
0.878463
0.520799
0.069698
0.983227
0.843523
0.012289
0.792019
0.043968
0.525152
0.213599
0.753928
0.299184
0.242940
0.716538
0.070190
0.982670
0.737630
0.482575
0.100592
0.336096
0.085555
0.410724
0.984741
0.741845
0.435784
0.214356
0.261195
0.733818
0.275574
0.911965
0.403575
0.154038
0.432764
0.473274
0.137264
0.276287
0.485563
0.929284
0.320255
0.010715
0.142882
0.074183
0.309899
0.385823
0.790721
0.380089
0.368492
0.528351
0.862664
0.469085
0.864447
0.948219
0.879808
0.849188
0.690065
0.315592
0.063544
0.951259
0.049410
0.339118
0.863225
0.452986
0.493155
0.295989
0.926259
0.630420
0.572276
0.411822
0.559704
0.892531
0.422537
0.702586
0.966714
0.732436
0.088409
0.757435
0.112525
0.456901
0.285786
0.975189
0.925986
0.150232
0.923409
0.805794
0.999420
0.613474
0.121386
0.062963
0.564733
0.170797
0.402081
0.427958
0.623782
0.895236
0.723946
0.550041
0.525656
0.296222
0.961863
0.085360
0.188753
0.384400
0.787946
0.155467
0.116836
0.876355
0.912902
0.229361
0.333256
0.198688
0.204550
0.259241
0.348920
0.127959
0.065035
0.348340
0.741433
0.186421
0.411303
0.306166
0.357218
0.813384
0.734123
0.981000
0.708621
0.458070
0.531041
0.234277
0.754292
0.492905
0.319637
0.943045
0.877305
0.107583
0.098513
0.994140
0.983937
0.011415
0.223501
0.317193
0.210103
0.428051
0.576434
0.559023
0.556010
0.641469
0.907363
0.297443
0.827890
0.318667
0.603609
0.185108
0.132051
0.337732
0.166108
0.840672
0.795801
0.697150
0.074949
0.550093
0.190054
0.394586
0.493139
0.067359
0.502168
0.591651
0.061500
0.486105
0.603066
0.285001
0.803298
0.813169
0.713052
0.379732
0.372193
0.269062
0.021201
0.279556
0.566505
0.849091
0.598223
0.170114
0.034199
0.730274
0.507846
0.200308
0.570945
0.303647
0.897457
0.645894
0.853741
0.087512
0.040480
0.346879
0.154871
0.542649
0.938531
0.216371
0.028754
0.541597
0.501371
0.832052
0.354766
0.214423
0.211784
0.726959
0.483485
0.232985
0.006515
0.049991
0.082076
0.604738
0.220105
0.116275
0.335011
0.727951
0.316583
0.905957
0.031598
0.214040
0.551851
0.885339
0.301552
0.592331
0.232218
0.456423
0.134980
0.170749
0.672793
0.163734
0.712346
0.174165
0.995786
0.067112
0.388588
0.207570
0.794071
0.872073
0.440555
0.800586
0.922063
0.522631
0.405324
0.142168
0.638906
0.740335
0.870119
0.955489
0.646291
0.901717
0.169529
0.198142
0.787056
0.471081
0.790474
0.019274
0.927504
0.925454
0.190023
0.600297
0.089188
0.902369
0.774462
0.084974
0.969481
0.163049
0.292544
0.763553
0.035122
0.733100
0.564139
0.957186
0.255731
0.969462
0.099354
0.894637
0.709797
0.969473
0.850126
0.356089
0.871190
0.019655
0.554231
0.658246
0.490736
0.344705
0.677520
0.418240
0.270158
0.867544
0.018537
0.359346
0.769913
0.792999
0.444320
0.739394
0.956048
0.736865
0.502947
0.991170
0.469964
0.067085
0.948356
0.725695
0.036548
0.047709
0.620332
0.746345
0.017182
0.470457
0.102434
0.888372
0.490112
0.656665
0.546618
0.980848
0.001369
0.224138
0.399088
0.271528
0.091681
0.417625
0.630874
0.861594
0.210623
0.075194
0.600988
0.166671
0.812058
0.103935
0.157842
0.282023
0.171021
0.106197
0.007717
0.207569
0.153907
0.628049
0.953914
0.171089
0.098507
0.056348
0.059461
0.588619
0.713012
0.606078
0.569467
0.714382
0.830216
0.968554
0.985910
0.921898
0.386179
0.616783
0.783492
0.596802
0.691977
0.384480
0.763474
0.504036
0.488416
0.921315
0.786058
0.659436
0.027512
0.793776
0.867005
0.181419
0.421825
0.820919
0.352508
0.520331
0.877266
0.411969
0.108950
0.590279
0.018047
0.678417
0.304660
0.848263
0.646972
0.290570
0.770161
0.033151
0.907353
0.553653
0.629953
0.599331
0.938134
0.393426
0.103366
0.426549
0.314742
0.889425
0.085986
0.342254
0.683201
0.952991
0.523673
0.105026
0.773909
0.876181
0.625357
0.651176
0.288149
0.734307
0.241454
0.306196
0.412724
0.546115
0.154460
0.059696
0.836684
0.924621
0.092847
0.744038
0.478274
0.722800
0.343368
0.416407
0.116226
0.446735
0.842956
0.430968
0.336160
0.928942
0.773222
0.019360
0.881933
0.296894
0.124386
0.655842
0.173075
0.749743
0.307017
0.461225
0.484050
0.548472
0.767421
0.896774
0.094586
0.921881
0.956471
0.931271
0.846501
0.049317
0.675308
0.324775
0.772117
0.018677
0.741182
0.888343
0.465411
0.584139
0.319311
0.801571
0.513081
0.092532
0.820931
0.395013
0.389427
0.945317
0.050855
0.562502
0.695060
0.357873
0.023727
0.179110
0.906345
0.791148
0.075884
0.000931
0.713029
0.032355
0.932201
0.559530
0.081672
0.607510
0.884305
0.853789
0.626186
0.625488
0.742132
0.091598
0.209627
0.061443
0.893169
0.722707
0.153975
0.714100
0.117721
0.543401
0.659417
0.168576
0.105903
0.354477
0.526449
0.129630
0.533587
0.432794
0.920778
0.609471
0.433724
0.633806
0.641825
0.365926
0.193337
0.723497
0.973435
0.077642
0.577286
0.599622
0.703130
0.319418
0.691219
0.912756
0.380861
0.584388
0.635463
0.534836
0.298489
0.753184
0.078237
0.957906
0.921761
0.184140
0.312383
0.448210
0.313770
0.845969
0.881004
0.234548
0.455440
0.314728
0.868355
0.097266
0.680654
0.061691
0.820763
0.654089
0.139333
0.398049
0.253711
0.842463
0.717468
0.944930
0.755219
0.098329
0.529319
0.390682
0.633165
0.827807
0.143866
0.711402
0.785713
0.065627
0.895543
0.098096
0.513837
0.209313
0.944065
0.394840
0.443861
0.399505
0.709568
0.312216
0.496771
0.390222
0.373907
0.317534
0.044311
0.513240
0.715583
0.298021
0.355703
0.433051
0.242952
0.110922
0.531380
0.772270
0.501604
0.164545
0.600077
0.645470
0.875947
0.385790
0.711097
0.771490
0.483886
0.224934
0.980803
0.427951
0.619774
0.424664
0.827456
0.329342
0.736880
0.324227
0.719564
0.110787
0.641760
0.763875
0.624028
0.357343
0.061896
0.979731
0.790394
0.304848
0.090653
0.321774
0.077118
0.592256
0.486319
0.677195
0.237726
0.362266
0.062986
0.948823
0.133756
0.546872
0.173757
0.114558
0.974823
0.793531
0.539222
0.802279
0.122873
0.276103
0.126505
0.842437
0.386890
0.768265
0.606312
0.010918
0.125609
0.668208
0.990649
0.916003
0.973056
0.081302
0.237777
0.050174
0.673558
0.724096
0.727370
0.911284
0.086362
0.790355
0.860108
0.220117
0.337227
0.033865
0.334676
0.312050
0.827396
0.873898
0.114328
0.950269
0.150001
0.240834
0.792707
0.536891
0.009099
0.399019
0.547809
0.134708
0.067227
0.538458
0.050710
0.040283
0.619759
0.288487
0.090457
0.293317
0.012583
0.817827
0.204602
0.098945
0.608183
0.064710
0.319062
0.945410
0.098575
0.653738
0.257460
0.925971
0.527636
0.371788
0.876240
0.677637
0.612622
0.668947
0.214528
0.621721
0.067966
0.762337
0.756429
0.135193
0.300795
0.807139
0.175476
0.920554
0.095626
0.265933
0.213872
0.108209
0.083760
0.418473
0.207154
0.691943
0.483183
0.526216
0.637352
0.581758
0.179954
0.894812
0.507728
0.707590
0.266600
0.383969
0.385227
0.879222
0.052916
0.599755
0.500943
0.120881
0.362092
0.257371
0.256074
0.662887
0.064510
0.431550
0.583442
0.160137
0.697483
0.797313
0.268346
0.781243
0.215787
0.475500
0.473186
0.698970
0.001716
0.110538
0.280727
0.181670
0.005350
0.788456
0.889260
0.271950
0.172424
0.274487
0.151172
0.225340
0.874242
0.652115
0.346222
0.236335
0.909486
0.602296
0.899222
0.973997
0.033846
0.482664
0.134133
0.731329
0.279977
0.402479
0.512572
0.495764
0.877979
0.985758
0.194733
0.879695
0.096296
0.475461
0.061364
0.101646
0.263916
0.950624
0.373596
0.436341
0.225111
0.524768
0.661681
0.099353
0.176883
0.007903
0.335688
0.086369
0.610198
0.234909
0.060365
0.644044
0.717573
0.194499
0.375373
0.997550
0.596978
0.887945
0.493313
0.474957
0.873702
0.688047
0.354651
0.969998
0.163507
0.416016
0.071644
0.427423
0.366639
0.445240
0.863764
0.591750
0.970008
0.525445
0.691103
0.146890
0.533348
0.026790
0.233259
0.143546
0.261700
0.293625
0.787590
0.979273
0.488123
0.162963
0.976823
0.085101
0.050908
0.470136
0.560058
0.924610
0.158183
0.914710
0.894608
0.321690
0.330725
0.966252
0.749113
0.697365
0.411492
0.612877
0.289115
0.381500
0.138322
0.980217
0.528390
0.671670
0.007008
0.761649
0.815216
0.268707
0.055274
0.602806
0.247980
0.543397
0.765769
0.224803
0.628499
0.816677
0.694939
0.188557
0.741287
0.853121
0.103267
0.635895
0.174811
0.433992
0.602148
0.923924
0.131357
0.013640
0.536802
0.420472
0.395139
0.675124
0.400689
0.923529
0.346794
0.407697
0.685179
0.162010
0.676404
0.740453
0.764816
0.924384
0.283850
0.530586
0.149187
0.912349
0.347263
0.844126
0.100906
0.088550
0.697247
0.204173
0.724445
0.872058
0.638166
0.326593
0.795982
0.769523
0.340232
0.332784
0.189994
0.735371
0.007908
0.590683
0.658901
0.354702
0.998380
0.344079
0.516712
0.674784
0.084532
0.281528
0.599168
0.368382
0.812114
0.748355
0.280731
0.159376
0.592481
0.381637
0.247926
0.289728
0.585810
0.972371
0.161786
0.223976
0.298963
0.957769
0.993498
0.639195
0.290552
0.183493
0.374567
0.298460
0.774176
0.033468
0.653162
0.772556
0.377547
0.169874
0.447340
0.462079
0.451402
0.046508
0.830461
0.263516
0.794863
0.111192
0.422892
0.387344
0.492829
0.670818
0.677072
0.078639
0.643189
0.838859
0.302614
0.942152
0.796627
0.296113
0.581348
0.087179
0.479606
0.955914
0.385640
0.253782
0.989382
0.038801
0.026337
0.366929
0.208675
0.473677
0.829008
0.660077
0.520185
0.659469
0.923593
0.315049
0.770661
0.346485
0.702393
0.263490
0.017303
0.379465
0.342129
0.660491
0.218324
0.644743
0.602644
0.014951
0.940856
0.183991
0.102130
0.420462
0.139906
0.487770
0.674243
0.129287
0.526571
0.700581
0.496217
0.735247
0.174258
0.325225
0.395324
0.694443
0.984694
0.318917
0.009492
0.755355
0.665401
0.711885
0.018845
0.682704
0.091350
0.360974
0.343196
0.309674
0.005718
0.945839
0.324624
0.946574
0.129830
0.426755
0.367036
0.269736
0.914525
0.041279
0.399023
0.441096
0.741860
0.895240
0.176342
0.916118
0.220464
0.571666
0.610562
0.205158
0.890583
0.620054
0.960514
0.555984
0.331938
0.979359
0.238688
0.423288
0.340334
0.581884
0.732962
0.346051
0.527723
0.057586
0.292626
0.657553
0.484341
0.659662
0.927289
0.398866
0.700941
0.326312
0.839962
0.442801
0.221552
0.016304
0.358920
0.442016
0.587970
0.969481
0.647175
0.478553
0.589535
0.607688
0.034537
0.921473
0.587047
0.273226
0.344762
0.927381
0.855109
0.077724
0.273433
0.382832
0.135310
0.566058
0.040386
0.619651
0.225720
0.967674
0.018517
0.926661
0.293986
0.858479
0.369462
0.515538
0.874782
0.728382
0.957555
0.462753
0.697863
0.604729
0.941306
0.287398
0.212417
0.975843
0.208871
0.799465
0.249068
0.553633
0.726846
0.104178
0.631357
0.000278
0.487010
0.766667
0.566337
0.527396
0.386318
0.792057
0.495070
0.404835
0.718718
0.789057
0.263314
0.088180
0.304595
0.138096
0.816562
0.262150
0.600849
0.514425
0.866879
0.542155
0.801823
0.079296
0.517997
0.010694
0.878761
0.767066
0.564327
0.605607
0.871244
0.195684
0.605886
0.358254
0.962351
0.172222
0.885650
0.348669
0.964279
0.380720
0.753504
0.682997
0.169777
0.016818
0.771176
0.474372
0.154914
0.587738
0.736522
0.755763
0.102163
0.603401
0.297918
0.903986
0.682697
0.815915
0.914680
0.561458
0.582981
0.479007
0.167065
0.454225
0.674691
0.772951
0.812479
0.637041
0.945173
0.698129
0.985711
0.909452
0.078850
0.739215
0.592448
0.248627
0.756033
0.363625
0.722999
0.910948
0.951363
0.459521
0.666711
0.053526
0.062922
0.964629
0.957511
0.745619
0.780544
0.872191
0.307077
0.363526
0.351197
0.474142
0.817751
0.025888
0.247092
0.630230
0.662929
0.192265
0.328359
0.648640
0.101717
0.407209
0.387855
0.694165
0.655836
0.143888
0.057790
0.378835
0.054836
0.009152
0.838356
0.721547
0.062678
0.901278
0.686176
0.020189
0.646897
0.466720
0.892380
0.953973
0.830246
0.243577
0.428115
0.647997
0.269465
0.675207
0.278227
0.932394
0.867472
0.606586
0.581034
0.969189
0.013795
0.968889
0.663354
0.669631
0.112777
0.721144
0.048466
0.167612
0.730296
0.886822
0.889159
0.792974
0.788100
0.575335
0.813163
0.434997
0.042056
0.705543
0.388970
0.872302
0.949120
0.817085
0.520299
0.218585
0.492292
0.798525
0.150979
0.359765
0.405112
0.732013
0.328954
0.418907
0.700901
0.992308
0.088538
0.813678
0.713452
0.137004
0.981290
0.443749
0.023827
0.870449
0.236723
0.811927
0.445785
0.049886
0.246924
0.487840
0.755429
0.635894
0.360142
0.704549
0.452979
0.880440
0.923134
0.945271
0.678966
0.074113
0.305036
0.084077
0.806126
0.633990
0.502984
0.507027
0.626299
0.591522
0.320705
0.339751
0.728527
0.301995
0.783500
0.752353
0.172444
0.020223
0.564280
0.618229
0.070109
0.811204
0.106069
0.825538
0.447098
0.466211
0.530088
0.900077
0.346651
0.453222
0.845349
0.025617
0.527335
0.150385
0.109694
0.333460
0.784375
0.612678
0.840487
0.410674
0.204201
0.161192
0.750425
0.932727
0.463187
0.533925
0.685080
0.635631
0.554147
0.249361
0.253860
0.624256
0.060565
0.359929
0.449795
0.507663
0.826140
0.979882
0.407741
0.172791
0.433104
0.253089
0.198408
0.960439
0.403474
0.308102
0.293899
0.187849
0.920780
0.134386
0.598523
0.124981
0.295578
0.348948
0.057708
0.758765
0.882872
0.742788
0.394396
0.437020
0.992149
0.648256
0.061276
0.052714
0.008186
0.511071
0.560377
0.834326
0.490954
0.968118
0.007117
0.924058
0.221207
0.205524
0.884496
0.624681
0.513626
0.178395
0.812530
0.434406
0.312781
0.411053
0.559387
0.608359
0.760001
0.617094
0.367124
0.642874
0.359882
0.761520
0.079894
0.352031
0.409776
0.141170
0.404745
0.417961
0.652241
0.965122
0.252287
0.143195
0.933240
0.259404
0.067253
0.154447
0.464928
0.951749
0.779128
0.978554
0.130144
0.591659
0.412960
0.442925
0.002712
0.972346
0.051284
0.762713
0.589441
0.418407
0.405587
0.949323
0.179927
0.485480
0.301354
0.589703
0.626651
0.706099
0.007664
0.278892
0.671221
0.259951
0.422087
0.604462
0.519355
0.489339
0.758909
0.984283
0.441088
0.538037
0.962836
0.571232
0.129695
0.375796
0.014157
0.132407
0.348143
0.065441
0.895120
0.937583
0.483848
0.300707
0.886906
0.663775
0.786188
0.188260
0.253478
0.412838
0.894359
0.261142
0.691730
0.565580
0.521094
0.113817
0.170042
0.040448
0.603156
0.928951
0.024731
0.044244
0.466987
0.987567
0.615476
0.596683
0.363363
0.629632
0.729090
0.711506
0.695073
0.624210
0.649089
0.178921
0.924917
0.535995
0.842696
0.711105
0.724255
0.096174
0.123943
0.618614
0.357316
0.815673
0.184194
0.878410
0.929489
0.354236
0.918858
0.532645
0.283187
0.943589
0.576889
0.750174
0.931156
0.192364
0.346857
0.294519
0.821997
0.075947
0.006025
0.517070
0.700157
0.655114
0.695991
0.625074
0.191109
0.538687
0.336179
0.915364
0.634861
0.460122
0.533978
0.992177
0.275795
0.718172
0.870587
0.205284
0.072408
0.789445
0.737930
0.355595
0.733034
0.314818
0.105769
0.664190
0.507183
0.452626
0.958709
0.329179
0.528573
0.964735
0.846249
0.228730
0.619849
0.542239
0.853804
0.810958
0.080926
0.189983
0.726322
0.715787
0.650105
0.260300
0.707964
0.925900
0.978472
0.578551
0.131184
0.050880
0.367996
0.869114
0.406476
0.101030
0.183932
0.512245
0.765219
0.691115
0.964871
0.723929
0.020294
0.493444
0.688664
0.866543
0.722174
0.308513
0.408782
0.575977
0.119471
0.489708
0.765960
0.845793
0.205495
0.416065
0.106093
0.913459
0.341965
0.084566
0.492010
0.473149
0.135446
0.860005
0.342263
0.541921
0.961035
0.526195
0.054166
0.726254
0.217310
0.019037
0.450183
0.237604
0.512481
0.138847
0.104147
0.234655
0.447360
0.512930
0.810632
0.566831
0.002638
0.576592
0.412624
0.208133
0.992658
0.518717
0.121592
0.334623
0.603283
0.613602
0.807772
0.738729
0.473607
0.150035
0.280650
0.434642
0.676230
0.334817
0.160896
0.893541
0.353854
0.611079
0.131145
0.866335
0.749926
0.235292
0.100990
0.197285
0.748222
0.911622
0.764116
0.750860
0.488215
0.176740
0.958993
0.480872
0.695457
0.080585
0.815495
0.298740
0.694186
0.623267
0.037469
0.167793
0.773301
0.318119
0.602435
0.449532
0.652936
0.763331
0.343072
0.006790
0.374410
0.474217
0.873125
0.124336
0.709510
0.974115
0.321621
0.457731
0.885737
0.085737
0.208591
0.373952
0.262477
0.167584
0.854824
0.957935
0.248168
0.670319
0.256675
0.942355
0.293585
0.294144
0.110148
0.066887
0.612263
0.712583
0.516418
0.265199
0.475913
0.859491
0.271989
0.850323
0.333708
0.145114
0.974659
0.043218
0.119229
0.296280
0.500949
0.004966
0.382018
0.709540
0.378918
0.644495
0.877123
0.233741
0.602430
0.125292
0.904060
0.859105
0.067646
0.197645
0.153249
0.177794
0.264532
0.765512
0.890376
0.780950
0.030711
0.366290
0.640441
0.302700
0.216613
0.974149
0.447813
0.191272
0.017367
0.567042
0.487553
0.518316
0.572008
0.869571
0.227855
0.950925
0.514066
0.104979
0.184667
0.116496
0.230270
0.088727
0.975601
0.297916
0.286372
0.128849
0.475710
0.550903
0.894361
0.366086
0.331854
0.925072
0.732376
0.972294
0.227771
0.948989
0.946444
0.675584
0.140262
0.963810
0.242626
0.627815
0.482126
0.814634
0.497385
0.709981
0.765559
0.011451
0.814960
0.950226
0.127947
0.045230
0.038953
0.103548
0.343146
0.325324
0.232397
0.818856
0.876228
0.126758
0.184942
0.208081
0.051830
0.917318
0.180376
0.279601
0.866308
0.126819
0.955185
0.006569
0.090630
0.197812
0.634384
0.572755
0.012446
0.131770
0.282736
0.778005
0.143221
0.097696
0.728231
0.271168
0.142926
0.767183
0.374716
0.486072
0.092508
0.607113
0.304927
0.968736
0.733871
0.489869
0.176817
0.785700
0.407188
0.357193
0.065301
